n. 0, MI[1,0,0,0,1,1,2,0,0]
eps^-4: (0 0)
eps^-3: (0 0)
eps^-2: (0 0)
eps^-1: (-6.2915887847157763249795600332101e-01 +1.3521695669718781091918063561547e+00)
eps^0:  (-5.7886735443574909884305236859130e+00 -3.1401671461141862538850134389494e+00)
eps^1:  (+3.2842012315634294016167817328355e+00 -4.7240912731867233687236258015416e+00)
eps^2:  (-2.0284115117980509307139111918785e+01 +2.9150568071763812207132374353640e+00)
eps^3:  (-5.9991900663748339756731667119767e+01 +7.8296046987141696221985738535215e+00)
eps^4:  (-3.4603805613830709813901260641483e+02 +4.0674880820025543365412205404054e+00)

n. 1, MI[1,0,1,0,1,1,1,0,0]
eps^-4: (0 0)
eps^-3: (0 0)
eps^-2: (0 0)
eps^-1: (0 0)
eps^0:  (-2.4003024116447150934126004349624e+00 -4.8659461072892942664540295478084e+00)
eps^1:  (+1.1388229702268076123157660267927e+01 -1.3812044851723885837848185930275e+01)
eps^2:  (+2.1660779389431872098317662539930e+01 -2.1946817674063629881503970541556e+01)
eps^3:  (+8.3620937394189731610356337708041e+01 -3.3716834537110254815509360974100e+01)
eps^4:  (+1.1643273576317145283432880199413e+02 -6.2555979327032282428159671519938e+01)

n. 2, MI[2,0,1,0,1,1,1,0,0]
eps^-4: (0 0)
eps^-3: (0 0)
eps^-2: (+5.0000000000000000000000000000000e-02 0)
eps^-1: (-3.1866535773356332352072714233086e-01 +3.1415926535897932384626433832795e-01)
eps^0:  (+1.0188220247183310699488059403558e+00 -2.6783182771045909386089302913923e+00)
eps^1:  (+3.2637566712552848381786821017303e+00 +4.6980688224789346721061661220600e+00)
eps^2:  (+1.4985177305297894467828106709996e+00 -1.4041156817490868349664943771654e+01)
eps^3:  (+4.0018659713404767061791813061655e+01 +8.0227071177172752902886093469733e+00)
eps^4:  (+8.4797447432565622734067787943626e+01 -5.2590873152273583073902757563809e+01)

n. 3, MI[0,0,2,2,0,0,1,0,0]
eps^-4: (0 0)
eps^-3: (0 0)
eps^-2: (0 0)
eps^-1: (+6.1086048791610337678901814117867e-01 0)
eps^0:  (-1.0597276522300559161806758419020e+00 0)
eps^1:  (+3.3585211048517906921993557718173e+00 0)
eps^2:  (-6.9835856934085952370782650947085e+00 0)
eps^3:  (+1.5297042533490636829239471245997e+01 0)
eps^4:  (-3.1854363402948112214558138397152e+01 0)

n. 4, MI[0,0,2,0,0,2,0,0,0]
eps^-4: (0 0)
eps^-3: (0 0)
eps^-2: (+1.0000000000000000000000000000000e+00 0)
eps^-1: (-1.1544313298030657212130241801648e+00 0)
eps^0:  (+2.3112899144636637851091674393565e+00 0)
eps^1:  (-2.9567553800979386922418768113639e+00 0)
eps^2:  (+3.9893102121315218528447893593801e+00 0)
eps^3:  (-4.8924230402605264307132041777190e+00 0)
eps^4:  (+5.8854304761519303518453150012476e+00 0)

n. 5, MI[0,0,2,1,1,1,0,0,0]
eps^-4: (0 0)
eps^-3: (-2.0000000000000000000000000000000e-01 0)
eps^-2: (+5.9740255871027517031601572074017e-01 0)
eps^-1: (-7.6225909210337641507708672339464e-01 0)
eps^0:  (+1.4045879606266168061453958865272e+00 0)
eps^1:  (-1.6206539247273431729524020057811e+00 0)
eps^2:  (+2.3082862504599028530484936094191e+00 0)
eps^3:  (-2.5814714868095334035007454908517e+00 0)
eps^4:  (+3.2715497405904497280001876937505e+00 0)

n. 6, MI[0,0,1,2,0,0,2,0,0]
eps^-4: (0 0)
eps^-3: (0 0)
eps^-2: (-4.0000000000000000000000000000000e-01 0)
eps^-1: (+7.0611672708766763920081692853739e-01 0)
eps^0:  (-1.7464497518556124264298881387300e+00 0)
eps^1:  (+4.0854384708884967001957714118435e+00 0)
eps^2:  (-7.6403550607384835607362050737128e+00 0)
eps^3:  (+1.6981700316826791328866073059828e+01 0)
eps^4:  (-3.2421235357617160548623477985704e+01 0)

n. 7, MI[0,0,2,1,0,0,2,0,0]
eps^-4: (0 0)
eps^-3: (0 0)
eps^-2: (0 0)
eps^-1: (+6.1086048791610337678901814117867e-01 0)
eps^0:  (-1.0597276522300559161806758419020e+00 0)
eps^1:  (+3.3585211048517906921993557718173e+00 0)
eps^2:  (-6.9835856934085952370782650947085e+00 0)
eps^3:  (+1.5297042533490636829239471245997e+01 0)
eps^4:  (-3.1854363402948112214558138397152e+01 0)

n. 8, MI[0,0,2,0,1,0,2,0,0]
eps^-4: (0 0)
eps^-3: (0 0)
eps^-2: (-2.5000000000000000000000000000000e-01 0)
eps^-1: (+2.8860783245076643030325604504120e-01 0)
eps^0:  (-2.2227565454641423827497070264852e+00 0)
eps^1:  (+2.3403846093525915135212108428148e-01 0)
eps^2:  (-1.9341034512648124566824418386004e+01 0)
eps^3:  (-3.2626178969664612505817148121305e+01 0)
eps^4:  (-2.2412570076277660818122035166035e+02 0)

n. 9, MI[1,0,1,1,1,0,1,0,0]
eps^-4: (0 0)
eps^-3: (0 0)
eps^-2: (0 0)
eps^-1: (+8.2614927968834976650874587147905e-02 +2.2098575192438868937890987743966e+00)
eps^0:  (-8.1238074643447416601374406682071e+00 +1.7131878421385146370470152738813e+00)
eps^1:  (-7.9905180043383448785743246434156e+00 -2.8032510988026818908611347746345e+00)
eps^2:  (-3.0255976596873649910424720008655e+01 -4.6651502670111958974342879852768e+00)
eps^3:  (-4.5401559006345649882049789699465e+01 -2.0535161211358544898669387286691e+00)
eps^4:  (-2.1887626008070852523927398183570e+02 +5.3303562041410620742235688503541e-01)

n. 10, MI[1,0,1,1,1,1,1,0,-1]
eps^-4: (0 0)
eps^-3: (0 0)
eps^-2: (-6.2915887847157763249795600332101e-01 +1.3521695669718781091918063561547e+00)
eps^-1: (-3.9590208134502467000025279511083e+00 -1.6934098576561281270959143547467e+00)
eps^0:  (-3.1114957948688321629114900549926e+00 -4.3112885559983172633934515065715e+00)
eps^1:  (-1.0978389310096737966705116313597e+01 -2.2696377669455033556430860440842e-01)
eps^2:  (-7.8181588975875783926542566329785e+01 +4.1620542516723981635507976799849e+00)
eps^3:  (-2.9165917910991012870603721267452e+02 +3.2291734454638357378769181415402e+00)
eps^4:  (-1.2546229776010019420551566342998e+03 +2.1361475731411336898496139948514e-01)

n. 11, MI[1,0,1,1,1,1,1,0,0]
eps^-4: (0 0)
eps^-3: (0 0)
eps^-2: (-1.2583177569431552649959120066420e-01 +2.7043391339437562183836127123093e-01)
eps^-1: (-8.2485013387758333066085542508082e-01 -1.2226249792287803829348223807080e+00)
eps^0:  (+1.7466291054781458755757115218257e+00 -1.3030418371368872302554392009127e+00)
eps^1:  (-2.6901963691419818243707320962943e+00 +1.9610626619972298008920095929691e+00)
eps^2:  (-2.5134145332818316311852019315697e+01 +4.4884531007137815379455290638128e+00)
eps^3:  (-1.2403794461700692665821994138081e+02 +4.5385958424850211869043916285459e+00)
eps^4:  (-5.3296266581664297807247659173674e+02 +5.3119552842776071565732025283878e+00)

n. 12, MI[1,1,0,1,1,1,1,0,-1]
eps^-4: (-1.3333333333333333333333333333333e-01 0)
eps^-3: (+5.9798385737711617977302538556961e-01 -6.2831853071795864769252867665590e-01)
eps^-2: (+6.3546793112897049972123238617425e-01 +2.8880351541023181568385928444279e+00)
eps^-1: (-5.5786532652782562303058095098664e+00 +1.1794281519018430721164906827129e+00)
eps^0:  (-5.8686508430529003553672332943963e+00 -4.7477635658620414374057365698430e+00)
eps^1:  (-1.7451833297023456712816437039177e+00 -3.8144738951523787320330052476913e+00)
eps^2:  (-2.3912717751766029269556863797874e+01 +1.4284573082890410013647574061824e+00)
eps^3:  (-4.8344521197655184314419691877903e+01 +2.9064358781818198367371216281971e+00)
eps^4:  (-2.1626879283342443149326077681327e+02 +9.3219832343081402265097984018761e-01)

n. 13, MI[1,1,1,1,1,1,1,0,0]
eps^-4: (+4.2666666666666666666666666666667e-02 0)
eps^-3: (-1.9492513118170453361962884482723e-01 +1.5079644737231007544620688239742e-01)
eps^-2: (-2.9025374200251929637353188012369e-02 -7.0434485524863089237706996035147e-01)
eps^-1: (+1.2805777937791486510646073187440e+00 +3.3274440323640657305765097426721e-01)
eps^0:  (-3.6955842881192420222906890947078e-01 +2.1757261776986817228625288618953e+00)
eps^1:  (-2.6987071104686490434991888436556e+00 +1.4662248424317750181744134607920e+00)
eps^2:  (-1.9420500729866166442683533758837e+00 +3.2596161535441304650202453834361e-02)
eps^3:  (+6.7637019173805891149438427111020e+00 +9.6782925314769310589255535961963e-01)
eps^4:  (+4.9049026883804568970193038400634e+01 +4.3329414717412353502731487357594e+00)

n. 14, MI[1,1,1,1,1,1,0,0,0]
eps^-4: (+4.0000000000000000000000000000000e-02 0)
eps^-3: (-1.9278377029198743927788532108947e-01 0)
eps^-2: (+3.4678623311375997128772889963074e-01 0)
eps^-1: (-5.0839595689312180501183318593316e-01 0)
eps^0:  (+7.8949077446421015717794682215465e-01 0)
eps^1:  (-9.2440341228342788864538558715122e-01 0)
eps^2:  (+1.2769848912748172011684982610253e+00 0)
eps^3:  (-1.3857125194340613789970683681503e+00 0)
eps^4:  (+1.7834188068021560983143043881058e+00 0)

n. 15, MI[1,1,1,1,1,1,1,-1,0]
eps^-4: (+1.0666666666666666666666666666667e-01 0)
eps^-3: (-4.9623857000682972427972391568048e-01 +2.5132741228718345907701147066236e-01)
eps^-2: (+2.0565965839794203380492523150269e-01 -1.2112961529612999364144755262151e+00)
eps^-1: (+1.7246094789239465979690503523314e+00 +1.3273561528585703030782483438448e+00)
eps^0:  (-2.9043212919062658188286817657547e+00 +5.8802013250641283315116948969169e+00)
eps^1:  (-1.5709471230594121214978611830605e+01 +5.9593141164491577751535637638536e+00)
eps^2:  (-3.6513710544866514198961451705280e+01 +5.5191991129913039321774244098994e+00)
eps^3:  (-1.0132826400227832031190920122044e+02 +1.2187462418290656510883705668223e+01)
eps^4:  (-3.0698740072165755785531390620144e+02 +2.9097907481528415378746552274657e+01)

n. 16, MI[0,1,1,1,1,1,1,0,0]
eps^-4: (+1.3333333333333333333333333333333e-02 0)
eps^-3: (-6.4261256763995813092628440363158e-02 0)
eps^-2: (+1.9466086455111986608527126741697e-01 0)
eps^-1: (-3.1094320536208654629129209186583e-01 0)
eps^0:  (+2.6016710917354515711437166151104e-01 0)
eps^1:  (-5.5450153209690173446116369613669e-01 0)
eps^2:  (+2.5836357673406478309385813261784e+00 0)
eps^3:  (+1.3509665638731690193346119593796e+01 0)
eps^4:  (+7.7583535217434451052311493058566e+01 0)

n. 17, MI[1,1,0,1,1,1,1,0,0]
eps^-4: (-4.6666666666666666666666666666667e-02 0)
eps^-3: (+2.0706291456884856536289593404627e-01 -2.5132741228718345907701147066236e-01)
eps^-2: (+2.9772092624141502965758683561894e-01 +1.1271730159807409258959179435492e+00)
eps^-1: (-2.4111418898574700831170670940875e+00 -4.2422236795985763168448351021522e-02)
eps^0:  (-4.3776739411756091941287553609891e-01 -2.3161448951393122663396189496946e+00)
eps^1:  (-5.9648402624249906481814606878971e-01 -9.9012021319142792606564414873737e-01)
eps^2:  (-6.0651370647668825163946337109308e+00 +1.5324129739353024562762679361686e+00)
eps^3:  (-3.2622158805007742364418516313138e+01 +1.6244909257167913272799061318037e+00)
eps^4:  (-1.1902257688245696146672705644348e+02 +3.1847652320974006879785196081840e-01)

n. 18, MI[0,1,1,0,1,1,1,0,0]
eps^-4: (0 0)
eps^-3: (0 0)
eps^-2: (0 0)
eps^-1: (0 0)
eps^0:  (-4.6449358303646299889950311070200e+00 0)
eps^1:  (-1.6135905716311804368814968221854e+01 0)
eps^2:  (-9.8552841124469763916886123078751e+01 0)
eps^3:  (-3.9342170472572707861128583220975e+02 0)
eps^4:  (-1.7886949180424618366174066789665e+03 0)

n. 19, MI[0,1,1,1,1,0,1,0,0]
eps^-4: (0 0)
eps^-3: (0 0)
eps^-2: (-3.2898681336964528729448303332921e-01 0)
eps^-1: (+1.0425734090669412588535894583382e-01 0)
eps^0:  (-3.3512225429982270588651399887935e+00 0)
eps^1:  (-4.0483691959941392269232776569759e+00 0)
eps^2:  (-3.7687567044207132344936333337752e+01 0)
eps^3:  (-1.0621796250325487165739788420912e+02 0)
eps^4:  (-5.2193633517873561442305152696578e+02 0)

n. 20, MI[1,1,0,1,1,0,1,0,0]
eps^-4: (+5.0000000000000000000000000000000e-02 0)
eps^-3: (-2.1866535773356332352072714233086e-01 +3.1415926535897932384626433832795e-01)
eps^-2: (-5.9106175672387496793059241262482e-01 -1.3739149629006932363204984366590e+00)
eps^-1: (+3.3378486883468488906622729945180e+00 +4.2041967855676967025493593386589e-01)
eps^0:  (-2.5596391488176751050699723692550e+00 +2.8923256167866357765142481805417e+00)
eps^1:  (+1.0693551147705769743645409924473e+00 +3.3051402499508452503896414958206e-01)
eps^2:  (-9.8439347582907729192437587629882e+00 -2.8042068746605012458444117935207e+00)
eps^3:  (+1.8433541617723508044122271008187e+01 -2.0311245831797597788280857593785e+00)
eps^4:  (-3.1850217930656088227773965691486e+01 +1.8218789325952313010415903734260e-01)

