n. 0, MI[0,0,1,1,0,1,2,0,0]
eps^-4: (0 0)
eps^-3: (0 0)
eps^-2: (0 0)
eps^-1: (0 0)
eps^0:  (-3.0157441553305767056409940530364e+00 0)
eps^1:  (-6.3344371067719635316328633965625e+00 0)
eps^2:  (-4.6223810296935280856543978607983e+01 0)
eps^3:  (-1.4851740678834525823827242019517e+02 0)
eps^4:  (-6.9557108441096528161043441475116e+02 0)

n. 1, MI[0,0,1,2,0,0,2,0,0]
eps^-4: (0 0)
eps^-3: (0 0)
eps^-2: (0 0)
eps^-1: (0 0)
eps^0:  (-8.9522763429318882636684304551097e-01 0)
eps^1:  (+2.2004234943576061803820717118029e+00 0)
eps^2:  (-6.2548164322646564353332825781243e+00 0)
eps^3:  (+1.3798827684111402968837440803178e+01 0)
eps^4:  (-3.0387269092104919300609316496873e+01 0)

n. 2, MI[0,0,2,1,0,0,2,0,0]
eps^-4: (0 0)
eps^-3: (0 0)
eps^-2: (0 0)
eps^-1: (+4.0344598248164497816236944951526e-01 0)
eps^0:  (-1.1090046118708462576684671986553e+00 0)
eps^1:  (+3.0458415833948692284931382016985e+00 0)
eps^2:  (-6.9047591799582577655441084326742e+00 0)
eps^3:  (+1.5094821398506722006015842866250e+01 0)
eps^4:  (-3.1534778517759064333706096686669e+01 0)

n. 3, MI[0,0,2,2,0,0,1,0,0]
eps^-4: (0 0)
eps^-3: (0 0)
eps^-2: (0 0)
eps^-1: (+4.0344598248164497816236944951526e-01 0)
eps^0:  (-1.1090046118708462576684671986553e+00 0)
eps^1:  (+3.0458415833948692284931382016985e+00 0)
eps^2:  (-6.9047591799582577655441084326742e+00 0)
eps^3:  (+1.5094821398506722006015842866250e+01 0)
eps^4:  (-3.1534778517759064333706096686669e+01 0)

n. 4, MI[0,1,0,1,1,0,2,0,0]
eps^-4: (0 0)
eps^-3: (0 0)
eps^-2: (0 0)
eps^-1: (0 0)
eps^0:  (-9.1177718118271950241870995410022e-01 0)
eps^1:  (+2.1156550813586851537876919389290e+00 0)
eps^2:  (-6.2700864901044086972553065000988e+00 0)
eps^3:  (+1.3601309034649196864149676198735e+01 0)
eps^4:  (-3.0345746039362819160395888261316e+01 0)

n. 5, MI[0,1,0,1,2,0,2,0,-1]
eps^-4: (0 0)
eps^-3: (0 0)
eps^-2: (0 0)
eps^-1: (0 0)
eps^0:  (-6.4210430436722653333482098243423e-01 0)
eps^1:  (+2.0112395429461087212265460985649e+00 0)
eps^2:  (-5.6585614088962360042558610179528e+00 0)
eps^3:  (+1.3240366366531420209511405511518e+01 0)
eps^4:  (-2.9385131289869818326798036180124e+01 0)

n. 6, MI[0,1,0,1,2,0,2,0,0]
eps^-4: (0 0)
eps^-3: (0 0)
eps^-2: (0 0)
eps^-1: (0 0)
eps^0:  (+1.9449048722063212015139945967874e-01 0)
eps^1:  (-6.2433056460962434265378329667180e-02 0)
eps^2:  (+4.3839676347977112835965504903154e-01 0)
eps^3:  (-2.2893614964237599886387988860140e-01 0)
eps^4:  (+6.8004714935327733248853414213002e-01 0)

n. 7, MI[0,1,0,2,1,0,2,0,-1]
eps^-4: (0 0)
eps^-3: (0 0)
eps^-2: (0 0)
eps^-1: (0 0)
eps^0:  (-6.4210430436722653333482098243423e-01 0)
eps^1:  (+2.0112395429461087212265460985649e+00 0)
eps^2:  (-5.6585614088962360042558610179528e+00 0)
eps^3:  (+1.3240366366531420209511405511518e+01 0)
eps^4:  (-2.9385131289869818326798036180124e+01 0)

n. 8, MI[0,1,0,2,1,0,2,0,0]
eps^-4: (0 0)
eps^-3: (0 0)
eps^-2: (0 0)
eps^-1: (0 0)
eps^0:  (+1.9449048722063212015139945967874e-01 0)
eps^1:  (-6.2433056460962434265378329667180e-02 0)
eps^2:  (+4.3839676347977112835965504903154e-01 0)
eps^3:  (-2.2893614964237599886387988860140e-01 0)
eps^4:  (+6.8004714935327733248853414213002e-01 0)

n. 9, MI[0,1,1,1,0,1,1,0,0]
eps^-4: (0 0)
eps^-3: (0 0)
eps^-2: (0 0)
eps^-1: (+6.4861271913296915580158837909902e-01 +1.7002487043552395679470027892473e+00)
eps^0:  (-6.8175812815236310899856615428913e+00 +3.5365958787492003765615293782832e+00)
eps^1:  (-1.4304595232394918025040074890327e+01 +1.2328939429126060019373662236920e+00)
eps^2:  (-5.9172705108606090649331798925088e+01 -3.9190101163639660255623815628791e+00)
eps^3:  (-1.6176505554760518474554646362627e+02 -6.3355361234937118920058648184685e+00)
eps^4:  (-7.2184808489948802420255891727110e+02 -4.4153253989329485027802435837718e+00)

n. 10, MI[0,1,1,1,1,0,1,0,0]
eps^-4: (0 0)
eps^-3: (0 0)
eps^-2: (0 0)
eps^-1: (+4.2429736965317159838506595649812e-01 0)
eps^0:  (-1.0463782146420683291147823399296e+00 0)
eps^1:  (+3.0560081874166713631144026106640e+00 0)
eps^2:  (-6.7557247972320406720024218947784e+00 0)
eps^3:  (+1.5041017912548075157320484070020e+01 0)
eps^4:  (-3.1287621792829086904310300849413e+01 0)

n. 11, MI[0,1,1,1,1,1,1,0,-1]
eps^-4: (0 0)
eps^-3: (+1.2607686952551405567574045297352e-01 0)
eps^-2: (-5.5674306275168170745482846805613e-01 +1.5843286683558153541272969815143e+00)
eps^-1: (-5.3129875710611438113829151724905e+00 -7.3410997435351564118829090829802e-01)
eps^0:  (-6.9874071484227250410143495417586e+00 -7.9057282466632990261459726890876e+00)
eps^1:  (-8.0608688596407195304738020014782e+00 -8.4504757754749418517855524776084e+00)
eps^2:  (-6.9943667880801912368224294982804e+01 +1.5599866725905087438816248183280e+00)
eps^3:  (-2.9459003678811377011413021922125e+02 +1.1111052862130917128107567678997e+01)
eps^4:  (-1.3130987861210550698684625937480e+03 +1.1674180749162648003644116733096e+01)

n. 12, MI[0,1,1,1,1,1,1,0,0]
eps^-4: (0 0)
eps^-3: (+2.5215373905102811135148090594704e-02 0)
eps^-2: (-1.1134861255033634149096569361123e-01 +3.1686573367116307082545939630286e-01)
eps^-1: (-1.2625001179805035227939714216677e+00 -8.8927220778059528659957577021020e-01)
eps^0:  (+1.3202852239464990859390227005238e+00 -3.2607788625076140350228263142016e+00)
eps^1:  (+5.8007911237214320757495289313991e+00 -2.6082930304495163407556591090769e+00)
eps^2:  (+1.2151800111252306403752157733040e+01 +1.6459175111999783627262197441132e+00)
eps^3:  (+2.1452369351040610122331950536308e+01 +5.0091809791434094906723805557451e+00)
eps^4:  (+6.6694007092886987862551697467631e+01 +4.7375453529478251364285622959725e+00)

n. 13, MI[0,2,0,1,1,0,1,0,0]
eps^-4: (0 0)
eps^-3: (0 0)
eps^-2: (0 0)
eps^-1: (+4.4761381714659441318342152275549e-01 0)
eps^0:  (-1.0370293053024267845424578147975e+00 0)
eps^1:  (+3.1045095640577797221085140299923e+00 0)
eps^2:  (-6.7413437267846355133922191228180e+00 0)
eps^3:  (+1.5103775105867344130159825839259e+01 0)
eps^4:  (-3.1273048950140820760450083474066e+01 0)

n. 14, MI[0,2,0,1,1,0,2,0,-1]
eps^-4: (0 0)
eps^-3: (0 0)
eps^-2: (0 0)
eps^-1: (+3.0164521471389615992140020786621e-01 0)
eps^0:  (-1.0686701329509547288996695285028e+00 0)
eps^1:  (+2.8615531950470340694495562614566e+00 0)
eps^2:  (-6.8022807253003661777875741406078e+00 0)
eps^3:  (+1.4859563823553102597194123991494e+01 0)
eps^4:  (-3.1386441754087536511199084818271e+01 0)

n. 15, MI[0,2,0,1,1,0,2,0,0]
eps^-4: (0 0)
eps^-3: (0 0)
eps^-2: (0 0)
eps^-1: (-1.4596860243269825326202131488928e-01 0)
eps^0:  (-1.5091280758997268305344805116081e-02 0)
eps^1:  (-2.8455283976457723736173407786967e-01 0)
eps^2:  (+1.3036347311858864292342232442593e-04 0)
eps^3:  (-3.6283286339416737033093980086378e-01 0)
eps^4:  (+2.4803023681415149327235238593372e-02 0)

n. 16, MI[0,2,0,1,2,0,1,0,-1]
eps^-4: (0 0)
eps^-3: (0 0)
eps^-2: (0 0)
eps^-1: (+2.7470729245717161571219538220227e-01 0)
eps^0:  (-9.3912925226531991156283108969343e-01 0)
eps^1:  (+2.6742466322658310285093616462623e+00 0)
eps^2:  (-6.4157438885348710452306639911429e+00 0)
eps^3:  (+1.4371532831770314390747504901108e+01 0)
eps^4:  (-3.0641753547397932654987241921841e+01 0)

n. 17, MI[0,2,0,1,2,0,1,0,0]
eps^-4: (0 0)
eps^-3: (0 0)
eps^-2: (0 0)
eps^-1: (-1.2873869002447336245017406731299e-01 0)
eps^0:  (+5.8992898731128353501332849298536e-02 0)
eps^1:  (-3.1563518189640022206271193879761e-01 0)
eps^2:  (+2.0659439694619301237071250883395e-01 0)
eps^3:  (-5.2601251480687599363212685460864e-01 0)
eps^4:  (+4.0940031198182924534035500473039e-01 0)

n. 18, MI[0,2,0,2,1,0,1,0,-1]
eps^-4: (0 0)
eps^-3: (0 0)
eps^-2: (0 0)
eps^-1: (+2.7470729245717161571219538220227e-01 0)
eps^0:  (-9.3912925226531991156283108969343e-01 0)
eps^1:  (+2.6742466322658310285093616462623e+00 0)
eps^2:  (-6.4157438885348710452306639911429e+00 0)
eps^3:  (+1.4371532831770314390747504901108e+01 0)
eps^4:  (-3.0641753547397932654987241921841e+01 0)

n. 19, MI[0,2,0,2,1,0,1,0,0]
eps^-4: (0 0)
eps^-3: (0 0)
eps^-2: (0 0)
eps^-1: (-1.2873869002447336245017406731299e-01 0)
eps^0:  (+5.8992898731128353501332849298536e-02 0)
eps^1:  (-3.1563518189640022206271193879761e-01 0)
eps^2:  (+2.0659439694619301237071250883395e-01 0)
eps^3:  (-5.2601251480687599363212685460864e-01 0)
eps^4:  (+4.0940031198182924534035500473039e-01 0)

n. 20, MI[1,0,1,0,0,1,2,0,0]
eps^-4: (0 0)
eps^-3: (0 0)
eps^-2: (0 0)
eps^-1: (0 0)
eps^0:  (-2.7156473012281146509051846212526e+00 0)
eps^1:  (-1.3500462636547318764041234419746e+00 0)
eps^2:  (-1.6646411282991838772020059042952e+01 0)
eps^3:  (-5.0384161866354069043887923791732e+00 0)
eps^4:  (-7.0764652600255654700352678159250e+01 0)

n. 21, MI[1,0,1,0,1,1,1,0,0]
eps^-4: (0 0)
eps^-3: (0 0)
eps^-2: (0 0)
eps^-1: (0 0)
eps^0:  (-4.0433608010502334567931679329987e+00 0)
eps^1:  (-6.5620589562326534094679996934874e+00 0)
eps^2:  (-3.6071765819390642522543485349194e+01 0)
eps^3:  (-6.0498915727083960142641152330908e+01 0)
eps^4:  (-2.2045121984844741355120659590162e+02 0)

n. 22, MI[1,1,1,1,1,0,1,0,0]
eps^-4: (0 0)
eps^-3: (0 0)
eps^-2: (+2.9840921143106294212228101517032e-01 0)
eps^-1: (-4.3348995879038557872132197227854e-01 0)
eps^0:  (+3.4377259974059366519953769041204e-01 0)
eps^1:  (-9.9987138428201557467146057259966e-01 0)
eps^2:  (+5.0397197539877685218251301493787e-01 0)
eps^3:  (-1.3651496627503010044368619829771e+00 0)
eps^4:  (+7.8729959437792335859489558201163e-01 0)

n. 23, MI[1,1,1,1,1,1,0,0,0]
eps^-4: (0 0)
eps^-3: (-2.6896398832109665210824629967684e-01 0)
eps^-2: (+4.7606106850171908421709641452881e-01 0)
eps^-1: (-4.2253924130934395033308572958296e-01 0)
eps^0:  (+1.1128829136122861901414688079224e+00 0)
eps^1:  (-7.6456605495869626141341012400956e-01 0)
eps^2:  (+1.6336624049460849199891329957046e+00 0)
eps^3:  (-1.2485224727837841632313923841862e+00 0)
eps^4:  (+2.1141950164384911531037144565006e+00 0)

n. 24, MI[1,1,1,1,1,1,1,-1,-1]
eps^-4: (0 0)
eps^-3: (-1.3448199416054832605412314983842e+00 0)
eps^-2: (+2.5683020021577277957432867734746e+00 -1.6899505795795363777357834469486e+00)
eps^-1: (+6.2828150490790977820485143677146e+00 +9.8476569937426452386606463176161e+00)
eps^0:  (-1.8065021756098091617482937312669e+01 +3.5472519456515306360095895869284e+01)
eps^1:  (-1.0773892475120214816016134674391e+02 +4.1050994035728127918424893035694e+01)
eps^2:  (-3.4648939055360479830902654082829e+02 +9.2179953206164547405400918519859e+00)
eps^3:  (-1.1387025049186743364232461431334e+03 -3.3051327655557802604634744820595e+01)
eps^4:  (-4.4427051850063493981946912772633e+03 -5.5084835117547587051460751144950e+01)

n. 25, MI[1,1,1,1,1,1,1,0,-1]
eps^-4: (0 0)
eps^-3: (-5.0430747810205622270296181189407e-01 0)
eps^-2: (+1.3843995842083408922089263174435e+00 -2.5349258693693045666036751704229e+00)
eps^-1: (+6.3717218291267503617579968684562e+00 +1.8401633091701250557024755469478e+00)
eps^0:  (-4.7160868892129335831039038634013e+00 +1.7656968827260147653152447525288e+01)
eps^1:  (-6.5185195811128604714695260961483e+01 +2.5851641459652822959450226879606e+01)
eps^2:  (-2.3300393207857392878076575099675e+02 +1.2225559560656491865792453382234e+01)
eps^3:  (-8.0647266816695055272181817129791e+02 -1.0911155516687319061291756221327e+01)
eps^4:  (-2.9944050700697276395591442423003e+03 -2.5207999358873270152122199182898e+01)

n. 26, MI[1,1,1,1,1,1,1,0,0]
eps^-4: (0 0)
eps^-3: (-1.0086149562041124454059236237881e-01 0)
eps^-2: (+3.1447924877149465337334620365479e-01 -8.4497528978976818886789172347430e-01)
eps^-1: (+2.3551664631309210520487879875779e+00 +1.0604994053220908460925107719839e+00)
eps^0:  (-2.1454875439607013929377285085064e+00 +7.2406543877116928131246615859465e+00)
eps^1:  (-2.2622305820112832656694319471203e+01 +1.0333989742674230001803602199464e+01)
eps^2:  (-7.8940210052165644851945548595980e+01 +4.9633874634409331456648047701441e+00)
eps^3:  (-2.6840666021718272178398401588441e+02 -4.1942186251328128795512257589091e+00)
eps^4:  (-1.0079505367548297260710578453567e+03 -1.0163686396757288255671580984014e+01)

n. 27, MI[0,1,0,1,1,1,2,0,0]
eps^-4: (0 0)
eps^-3: (0 0)
eps^-2: (0 0)
eps^-1: (+1.1185897810615572154729274933587e-01 -2.5349258693693045666036751704229e-01)
eps^0:  (+1.2572070406205895013372507175313e+00 +1.1249784540602180981161544913379e+00)
eps^1:  (-1.6880483832338803613756653319991e+00 +3.4778598764040663618155964033425e+00)
eps^2:  (-5.6666658570247187794268803842579e+00 +2.4441987553210438409613570244958e+00)
eps^3:  (-9.5805533771929958174009570425090e+00 -2.1112786238536275548931192203474e+00)
eps^4:  (-8.4438224496135907695154482635816e+00 -5.2852432737862538535315386524715e+00)

n. 28, MI[1,1,1,0,0,1,2,0,0]
eps^-4: (0 0)
eps^-3: (0 0)
eps^-2: (-1.8483924814931874917792856572218e-01 +4.1887902047863909846168578443727e-01)
eps^-1: (-1.0092047827834455584031471619091e+00 -2.4889469164038771645535351990796e+00)
eps^0:  (+6.8685648801866004845839663026590e+00 -3.1226486519664860804183272763885e+00)
eps^1:  (+1.3405094586581599209084442353738e+01 +5.1343847731606730833153326901902e+00)
eps^2:  (+2.8823228160870283480716022778722e+01 +1.2690642631556123914667390373577e+01)
eps^3:  (+1.0784119942054665916178087208944e+02 +9.1929904340777879124658978683060e+00)
eps^4:  (+4.8383473447480121035979157293078e+02 -3.9744722627229519084438371325334e-01)

n. 29, MI[1,1,1,0,0,1,2,-1,0]
eps^-4: (0 0)
eps^-3: (0 0)
eps^-2: (-7.3935699259727499671171426288872e-01 +1.6755160819145563938467431377491e+00)
eps^-1: (-3.8517723385759099785843958902023e+00 -3.2141899027996917488949972602863e+00)
eps^0:  (+5.1183767406492212691431852273472e+00 -7.4148359555002627070601671268484e+00)
eps^1:  (+1.6030123600305458166952885469621e+01 +3.3952503955901459985519128748248e+00)
eps^2:  (-6.0435584012137962536987926026403e-02 +1.6901300178186841861008181906498e+01)
eps^3:  (+3.5897018548007445040487528176360e+00 +1.4357365104907183220401529614103e+01)
eps^4:  (-4.4503977061686940743692664280007e+01 +6.5365056378464620321178825954681e-01)

n. 30, MI[0,0,0,0,2,0,2,0,0]
eps^-4: (0 0)
eps^-3: (0 0)
eps^-2: (+1.0000000000000000000000000000000e+00 0)
eps^-1: (-1.1544313298030657212130241801648e+00 0)
eps^0:  (+2.3112899144636637851091674393565e+00 0)
eps^1:  (-2.9567553800979386922418768113639e+00 0)
eps^2:  (+3.9893102121315218528447893593801e+00 0)
eps^3:  (-4.8924230402605264307132041777190e+00 0)
eps^4:  (+5.8854304761519303518453150012476e+00 0)

n. 31, MI[0,0,0,1,1,1,2,0,0]
eps^-4: (0 0)
eps^-3: (0 0)
eps^-2: (+4.0344598248164497816236944951526e-01 0)
eps^-1: (-5.5050833384985385188074241623648e-01 0)
eps^0:  (+1.0410753276770849636109058161622e+00 0)
eps^1:  (-1.4021736400645991817051705310556e+00 0)
eps^2:  (+1.8861151296881461737321061328002e+00 0)
eps^3:  (-2.3460697188632209060180948885780e+00 0)
eps^4:  (+2.8350481624170450892472612658972e+00 0)

n. 32, MI[1,1,1,0,0,0,2,0,0]
eps^-4: (0 0)
eps^-3: (-6.6666666666666666666666666666667e-01 0)
eps^-2: (+1.0399309586074867354606915304194e+00 0)
eps^-1: (-8.1109229900271471744667437217787e-01 0)
eps^0:  (+2.5587300460720226386184995646510e+00 0)
eps^1:  (-1.3333043788957775398801021658368e+00 0)
eps^2:  (+3.6988555431598744565511732310960e+00 0)
eps^3:  (-2.2757197218073258811593876033827e+00 0)
eps^4:  (+4.6600424596686143367422021435879e+00 0)

n. 33, MI[0,1,0,0,0,2,2,0,0]
eps^-4: (0 0)
eps^-3: (0 0)
eps^-2: (0 0)
eps^-1: (-2.7725887222397812376689284858327e-01 +6.2831853071795864769252867665590e-01)
eps^0:  (-2.5022967773520696952453211040929e+00 -3.1982486770200322722484845192838e+00)
eps^1:  (+9.9273954988501169358281672632002e+00 -2.0731359619935330636637778299214e+00)
eps^2:  (-1.7870952874071081462820340000309e+00 +8.9870768868380061012984545362489e+00)
eps^3:  (+7.6814230787958130895461245563505e+00 +1.1600984036851789796144840511582e+01)
eps^4:  (-4.7996935216139050089058937992218e+01 -1.7545687160961606297488941242804e+00)

n. 34, MI[0,2,0,0,0,2,1,0,0]
eps^-4: (0 0)
eps^-3: (0 0)
eps^-2: (+2.5000000000000000000000000000000e-01 0)
eps^-1: (-1.1203844491227008016039345907910e+00 +1.8849555921538759430775860299677e+00)
eps^0:  (-5.2147412393828646073506840017556e+00 -7.0666468700041654757507747318392e+00)
eps^1:  (+1.7841551418439492484912474432451e+01 -6.2315029781490346544875373863180e+00)
eps^2:  (+5.8140779646206643149141979311231e+00 +1.8233321832130665202929812518283e+01)
eps^3:  (+1.5059874270276110781517985999063e+00 +2.6175449170437763018223628595558e+01)
eps^4:  (-6.7598948263006312973570648413306e+01 -1.8458480279055592424155639995088e+00)

n. 35, MI[0,0,1,0,0,2,2,0,0]
eps^-4: (0 0)
eps^-3: (0 0)
eps^-2: (-2.5000000000000000000000000000000e-01 0)
eps^-1: (+2.8860783245076643030325604504120e-01 0)
eps^0:  (-2.2227565454641423827497070264852e+00 0)
eps^1:  (+2.3403846093525915135212108428148e-01 0)
eps^2:  (-1.9341034512648124566824418386004e+01 0)
eps^3:  (-3.2626178969664612505817148121305e+01 0)
eps^4:  (-2.2412570076277660818122035166035e+02 0)

n. 36, MI[1,0,1,1,1,1,1,0,0]
eps^-4: (0 0)
eps^-3: (0 0)
eps^-2: (0 0)
eps^-1: (-1.1147792151091129923194637963305e+00 0)
eps^0:  (-4.9389546151572500259384773512870e+00 0)
eps^1:  (-2.4856791188256436891235976621720e+01 0)
eps^2:  (-1.0513489660747479572419307408954e+02 0)
eps^3:  (-4.3836440076003855892935372120365e+02 0)
eps^4:  (-1.7783454108924007253385890353525e+03 0)

n. 37, MI[1,0,1,0,0,1,3,0,0]
eps^-4: (0 0)
eps^-3: (0 0)
eps^-2: (0 0)
eps^-1: (0 0)
eps^0:  (+1.3815718380091076440862673514650e+00 0)
eps^1:  (+5.2127805730402941661800263159304e+00 0)
eps^2:  (+2.0803388103473172410481749677227e+01 0)
eps^3:  (+7.3906083090257295197954537615810e+01 0)
eps^4:  (+2.7817055000270220051845951356888e+02 0)

n. 38, MI[0,1,0,0,1,1,2,0,0]
eps^-4: (0 0)
eps^-3: (0 0)
eps^-2: (0 0)
eps^-1: (0 0)
eps^0:  (-1.8016435999029980939778601812311e+00 -2.0344093180981293227540405446086e+00)
eps^1:  (+6.2463923775917703580091905186732e+00 -4.3445819196213330270794088623348e+00)
eps^2:  (+2.4885097923233115893518377428509e+00 -1.8806133462275886962507971364521e+00)
eps^3:  (+2.7518141280190068257267551303764e+01 +4.0118280316987182677436420935311e+00)
eps^4:  (-1.7501130962934998599442872968074e+01 +6.8854883922811536148663399992737e+00)

n. 39, MI[1,0,1,0,0,2,1,0,0]
eps^-4: (0 0)
eps^-3: (0 0)
eps^-2: (0 0)
eps^-1: (+2.7631436760182152881725347029301e+00 0)
eps^0:  (+7.7099138448524736814548680106081e+00 0)
eps^1:  (+4.0256729943291612944559375912479e+01 0)
eps^2:  (+1.3116575489752275162388901618867e+02 0)
eps^3:  (+5.5130268381876899413253023475858e+02 0)
eps^4:  (+2.0615873566937065994221747656050e+03 0)

n. 40, MI[1,0,1,0,0,2,2,-1,0]
eps^-4: (0 0)
eps^-3: (0 0)
eps^-2: (0 0)
eps^-1: (+2.7631436760182152881725347029301e+00 0)
eps^0:  (+1.0520553895660789606894752795216e+01 0)
eps^1:  (+5.4326511369341828431064988491721e+01 0)
eps^2:  (+1.9503280350111413874098770897067e+02 0)
eps^3:  (+8.0859577742717909047591947475674e+02 0)
eps^4:  (+3.0934280717309889329868825569629e+03 0)

n. 41, MI[1,0,2,0,0,1,2,-1,0]
eps^-4: (0 0)
eps^-3: (0 0)
eps^-2: (0 0)
eps^-1: (0 0)
eps^0:  (-2.7631436760182152881725347029301e+00 0)
eps^1:  (-4.9942665436243590305496833893555e+00 0)
eps^2:  (-3.8906683679636881068155252470505e+01 0)
eps^3:  (-1.1451934361453091285186895714572e+02 0)
eps^4:  (-5.4626426763213358722814144237941e+02 0)

n. 42, MI[1,0,2,0,0,2,1,-1,0]
eps^-4: (0 0)
eps^-3: (0 0)
eps^-2: (-3.3333333333333333333333333333333e-01 0)
eps^-1: (+6.5512051533979816172301680369783e-01 0)
eps^0:  (-9.5462978812548598961163964560041e-02 0)
eps^1:  (+1.0530025122881438327672550476381e+01 0)
eps^2:  (+1.7720656952729504965626531377419e+01 0)
eps^3:  (+1.0248550637408835423592683863388e+02 0)
eps^4:  (+2.7237890839762662062212194941332e+02 0)

n. 43, MI[2,0,1,0,0,1,2,-1,0]
eps^-4: (0 0)
eps^-3: (0 0)
eps^-2: (0 0)
eps^-1: (0 0)
eps^0:  (-2.7631436760182152881725347029301e+00 0)
eps^1:  (-4.9942665436243590305496833893555e+00 0)
eps^2:  (-3.8906683679636881068155252470505e+01 0)
eps^3:  (-1.1451934361453091285186895714572e+02 0)
eps^4:  (-5.4626426763213358722814144237941e+02 0)

n. 44, MI[2,0,1,0,0,2,1,-1,0]
eps^-4: (0 0)
eps^-3: (0 0)
eps^-2: (-3.3333333333333333333333333333333e-01 0)
eps^-1: (+6.5512051533979816172301680369783e-01 0)
eps^0:  (-9.5462978812548598961163964560041e-02 0)
eps^1:  (+1.0530025122881438327672550476381e+01 0)
eps^2:  (+1.7720656952729504965626531377419e+01 0)
eps^3:  (+1.0248550637408835423592683863388e+02 0)
eps^4:  (+2.7237890839762662062212194941332e+02 0)

n. 45, MI[0,1,1,0,1,1,1,0,0]
eps^-4: (0 0)
eps^-3: (0 0)
eps^-2: (0 0)
eps^-1: (+6.6219530277848402287272871067852e-01 +1.8613463639250380046512906520861e+00)
eps^0:  (-7.3539609152776349325481523080964e+00 +4.0163913436279319504814420548860e+00)
eps^1:  (-1.6544733408394113195999493001384e+01 +1.7859445093811955090376333418037e+00)
eps^2:  (-6.6543487992502649510490444802167e+01 -3.7630397449262152814610139052249e+00)
eps^3:  (-1.8709148767651619695909844348824e+02 -6.7129374595166789821234057975260e+00)
eps^4:  (-8.1781321343732777028368742789714e+02 -5.0306738646370668938529335006875e+00)

n. 46, MI[1,1,1,0,1,1,1,-1,0]
eps^-4: (0 0)
eps^-3: (0 0)
eps^-2: (+9.2523396278936127514096378717083e-02 +3.3707988814079084546595717680161e+00)
eps^-1: (-8.0726353702915288157382577916059e+00 +2.7908836633080616473834972136628e+00)
eps^0:  (-1.0773494345000362462240301145759e+01 -8.4094871350958848825217061403865e+00)
eps^1:  (+3.4844123010306847505497376450379e+00 -1.7729785624218700207747065651819e+01)
eps^2:  (+1.1175127262821872843563503276147e+01 -1.2638620318462175593408767711614e+01)
eps^3:  (+3.8294801657051241977585049181371e+01 +5.6863086961161680417498055390710e-01)
eps^4:  (-4.8519470795791459915920720419482e+00 +9.4880336321315127200316591600333e+00)

n. 47, MI[1,1,1,0,1,1,1,0,0]
eps^-4: (0 0)
eps^-3: (0 0)
eps^-2: (+2.3130849069734031878524094679271e-02 +8.4269972035197711366489294200403e-01)
eps^-1: (-2.8920308571805176563841091744198e+00 -1.6766757963598363032196546574732e+00)
eps^0:  (+3.0445215309392108300414638358521e+00 -8.7921359184977164564880949786261e+00)
eps^1:  (+2.1849120565333148130262736021410e+01 -1.1797046414095419698298652837902e+01)
eps^2:  (+7.4457785758093468722058104180401e+01 -5.2427146988352993497048890796799e+00)
eps^3:  (+2.4398407436830288165161471909833e+02 +4.9740125547423171766039395800212e+00)
eps^4:  (+9.3660333145850067789326560671971e+02 +1.1381030027328059362562703085831e+01)

