n. 0, MI[0,0,2,2,0,0,1,0,0]
eps^-4: (0 0)
eps^-3: (0 0)
eps^-2: (-6.6666666666666666666666666666667e-01 0)
eps^-1: (+1.3102410306795963234460336073957e+00 0)
eps^0:  (-1.9092595762509719792232792912008e-01 0)
eps^1:  (+7.2361996405656351473158182430888e+00 0)
eps^2:  (-4.8142742797525704062643588614005e+00 0)
eps^3:  (+1.8621373943545752581069898018042e+01 0)
eps^4:  (-3.4475422549198234735283340014233e+01 0)

n. 1, MI[1,0,1,0,0,1,2,0,0]
eps^-4: (0 0)
eps^-3: (0 0)
eps^-2: (0 0)
eps^-1: (+2.7631436760182152881725347029301e+00 0)
eps^0:  (+7.7099138448524736814548680106081e+00 0)
eps^1:  (+4.0256729943291612944559375912479e+01 0)
eps^2:  (+1.3116575489752275162388901618867e+02 0)
eps^3:  (+5.5130268381876899413253023475858e+02 0)
eps^4:  (+2.0615873566937065994221747656050e+03 0)

n. 2, MI[1,0,1,0,0,2,1,0,0]
eps^-4: (0 0)
eps^-3: (0 0)
eps^-2: (0 0)
eps^-1: (0 0)
eps^0:  (-2.7156473012281146509051846212526e+00 0)
eps^1:  (-1.3500462636547318764041234419746e+00 0)
eps^2:  (-1.6646411282991838772020059042952e+01 0)
eps^3:  (-5.0384161866354069043887923791732e+00 0)
eps^4:  (-7.0764652600255654700352678159250e+01 0)

n. 3, MI[1,0,1,0,0,2,2,-1,0]
eps^-4: (0 0)
eps^-3: (0 0)
eps^-2: (0 0)
eps^-1: (+2.7631436760182152881725347029301e+00 0)
eps^0:  (+1.0520553895660789606894752795216e+01 0)
eps^1:  (+5.4326511369341828431064988491721e+01 0)
eps^2:  (+1.9503280350111413874098770897067e+02 0)
eps^3:  (+8.0859577742717909047591947475674e+02 0)
eps^4:  (+3.0934280717309889329868825569629e+03 0)

n. 4, MI[1,0,2,0,0,1,2,-1,0]
eps^-4: (0 0)
eps^-3: (0 0)
eps^-2: (-3.3333333333333333333333333333333e-01 0)
eps^-1: (+6.5512051533979816172301680369783e-01 0)
eps^0:  (-9.5462978812548598961163964560041e-02 0)
eps^1:  (+1.0530025122881438327672550476381e+01 0)
eps^2:  (+1.7720656952729504965626531377419e+01 0)
eps^3:  (+1.0248550637408835423592683863388e+02 0)
eps^4:  (+2.7237890839762662062212194941332e+02 0)

n. 5, MI[1,0,2,0,0,2,1,-1,0]
eps^-4: (0 0)
eps^-3: (0 0)
eps^-2: (0 0)
eps^-1: (0 0)
eps^0:  (-2.7631436760182152881725347029301e+00 0)
eps^1:  (-4.9942665436243590305496833893555e+00 0)
eps^2:  (-3.8906683679636881068155252470505e+01 0)
eps^3:  (-1.1451934361453091285186895714572e+02 0)
eps^4:  (-5.4626426763213358722814144237941e+02 0)

n. 6, MI[2,0,1,0,0,1,2,-1,0]
eps^-4: (0 0)
eps^-3: (0 0)
eps^-2: (-3.3333333333333333333333333333333e-01 0)
eps^-1: (+6.5512051533979816172301680369783e-01 0)
eps^0:  (-9.5462978812548598961163964560041e-02 0)
eps^1:  (+1.0530025122881438327672550476381e+01 0)
eps^2:  (+1.7720656952729504965626531377419e+01 0)
eps^3:  (+1.0248550637408835423592683863388e+02 0)
eps^4:  (+2.7237890839762662062212194941332e+02 0)

n. 7, MI[2,0,1,0,0,2,1,-1,0]
eps^-4: (0 0)
eps^-3: (0 0)
eps^-2: (0 0)
eps^-1: (0 0)
eps^0:  (-2.7631436760182152881725347029301e+00 0)
eps^1:  (-4.9942665436243590305496833893555e+00 0)
eps^2:  (-3.8906683679636881068155252470505e+01 0)
eps^3:  (-1.1451934361453091285186895714572e+02 0)
eps^4:  (-5.4626426763213358722814144237941e+02 0)

n. 8, MI[1,1,1,0,0,2,0,0,0]
eps^-4: (0 0)
eps^-3: (-6.6666666666666666666666666666667e-01 0)
eps^-2: (+1.0399309586074867354606915304194e+00 0)
eps^-1: (-8.1109229900271471744667437217787e-01 0)
eps^0:  (+2.5587300460720226386184995646510e+00 0)
eps^1:  (-1.3333043788957775398801021658368e+00 0)
eps^2:  (+3.6988555431598744565511732310960e+00 0)
eps^3:  (-2.2757197218073258811593876033827e+00 0)
eps^4:  (+4.6600424596686143367422021435879e+00 0)

n. 9, MI[0,1,0,0,0,2,2,0,0]
eps^-4: (0 0)
eps^-3: (0 0)
eps^-2: (0 0)
eps^-1: (-2.7725887222397812376689284858327e-01 +6.2831853071795864769252867665590e-01)
eps^0:  (-2.5022967773520696952453211040929e+00 -3.1982486770200322722484845192838e+00)
eps^1:  (+9.9273954988501169358281672632002e+00 -2.0731359619935330636637778299214e+00)
eps^2:  (-1.7870952874071081462820340000309e+00 +8.9870768868380061012984545362489e+00)
eps^3:  (+7.6814230787958130895461245563505e+00 +1.1600984036851789796144840511582e+01)
eps^4:  (-4.7996935216139050089058937992218e+01 -1.7545687160961606297488941242804e+00)

n. 10, MI[0,2,0,0,0,1,2,0,0]
eps^-4: (0 0)
eps^-3: (0 0)
eps^-2: (+2.5000000000000000000000000000000e-01 0)
eps^-1: (-1.1203844491227008016039345907910e+00 +1.8849555921538759430775860299677e+00)
eps^0:  (-5.2147412393828646073506840017556e+00 -7.0666468700041654757507747318392e+00)
eps^1:  (+1.7841551418439492484912474432451e+01 -6.2315029781490346544875373863180e+00)
eps^2:  (+5.8140779646206643149141979311231e+00 +1.8233321832130665202929812518283e+01)
eps^3:  (+1.5059874270276110781517985999063e+00 +2.6175449170437763018223628595558e+01)
eps^4:  (-6.7598948263006312973570648413306e+01 -1.8458480279055592424155639995088e+00)

n. 11, MI[0,2,0,0,0,2,1,0,0]
eps^-4: (0 0)
eps^-3: (0 0)
eps^-2: (0 0)
eps^-1: (-2.7725887222397812376689284858327e-01 +6.2831853071795864769252867665590e-01)
eps^0:  (-2.5022967773520696952453211040929e+00 -3.1982486770200322722484845192838e+00)
eps^1:  (+9.9273954988501169358281672632002e+00 -2.0731359619935330636637778299214e+00)
eps^2:  (-1.7870952874071081462820340000309e+00 +8.9870768868380061012984545362489e+00)
eps^3:  (+7.6814230787958130895461245563505e+00 +1.1600984036851789796144840511582e+01)
eps^4:  (-4.7996935216139050089058937992218e+01 -1.7545687160961606297488941242804e+00)

n. 12, MI[0,0,1,0,0,2,2,0,0]
eps^-4: (0 0)
eps^-3: (0 0)
eps^-2: (-2.5000000000000000000000000000000e-01 0)
eps^-1: (+2.8860783245076643030325604504120e-01 0)
eps^0:  (-2.2227565454641423827497070264852e+00 0)
eps^1:  (+2.3403846093525915135212108428148e-01 0)
eps^2:  (-1.9341034512648124566824418386004e+01 0)
eps^3:  (-3.2626178969664612505817148121305e+01 0)
eps^4:  (-2.2412570076277660818122035166035e+02 0)

n. 13, MI[0,1,1,1,0,1,1,0,0]
eps^-4: (0 0)
eps^-3: (0 0)
eps^-2: (0 0)
eps^-1: (+2.2925924260741528242092325679359e+00 +3.3964502035623497002719620174496e+00)
eps^0:  (-2.3457800333015639571394911368361e+00 +1.0840069567071966716290607354757e+01)
eps^1:  (+1.6890091038573147980091027621583e+00 +2.0928557488156685069279511034837e+01)
eps^2:  (+3.1477672915281221114583488899918e+00 +4.7603566362483564405019420961829e+01)
eps^3:  (+8.0589483673267113561143855847282e+01 +1.4018306218769481773332177132539e+02)
eps^4:  (+1.9070312399367384106667575775301e+02 +4.3059351366037711393600906766754e+02)

n. 14, MI[0,1,1,1,1,1,1,0,-1]
eps^-4: (0 0)
eps^-3: (0 0)
eps^-2: (0 0)
eps^-1: (+1.5736324960223494492897983592159e+00 -3.5090566251519663488646051618528e+00)
eps^0:  (+1.3393942820020748491004816239983e+01 -1.1179265600179000921627579966568e+01)
eps^1:  (+6.5985897592830557700788696532927e+01 -2.0169170582331525809089966037470e+01)
eps^2:  (+2.3076068155297896935400848657583e+02 -4.2556760297902486446173001537736e+01)
eps^3:  (+9.5578245365223755312989264866280e+02 -1.2826405373614443924806768881803e+02)
eps^4:  (+3.8003777297233402430029613407236e+03 -4.1166917996679800852516807229474e+02)

n. 15, MI[1,0,1,0,1,1,1,0,0]
eps^-4: (0 0)
eps^-3: (0 0)
eps^-2: (0 0)
eps^-1: (0 0)
eps^0:  (-7.4473770917096291958546221956140e+00 0)
eps^1:  (-2.6845136033629770300571236941096e+01 0)
eps^2:  (-1.3532063745567731368247287720138e+02 0)
eps^3:  (-4.9925244619872076309620548756682e+02 0)
eps^4:  (-2.0887420553455576545937425261107e+03 0)

n. 16, MI[1,0,1,1,1,0,1,0,0]
eps^-4: (0 0)
eps^-3: (0 0)
eps^-2: (0 0)
eps^-1: (0 0)
eps^0:  (-4.8082276126383771415989526460458e+00 0)
eps^1:  (-6.6604889731554802952272153164805e+00 0)
eps^2:  (-3.0969039499063546262801043221637e+01 0)
eps^3:  (-3.2925540106754168002896400953146e+01 0)
eps^4:  (-1.2882929440941418116912531263273e+02 0)

n. 17, MI[1,0,1,1,1,1,1,0,0]
eps^-4: (0 0)
eps^-3: (0 0)
eps^-2: (0 0)
eps^-1: (0 0)
eps^0:  (+8.2254800339984294592263183564818e+00 0)
eps^1:  (+4.2846509274094507887591019398550e+01 0)
eps^2:  (+1.8276841076868320405093766346829e+02 0)
eps^3:  (+7.1486115802777426049455887587515e+02 0)
eps^4:  (+2.8031836712248274102103634071454e+03 0)

n. 18, MI[1,1,1,1,1,1,0,0,0]
eps^-4: (0 0)
eps^-3: (0 0)
eps^-2: (+1.8420957840121435254483564686201e+00 0)
eps^-1: (+1.5190794949308295864296658454019e+00 0)
eps^0:  (+3.4737299444813454703085822597124e+00 0)
eps^1:  (+7.1458669393480940520533703600760e-01 0)
eps^2:  (+2.3030952429727362035479213295950e+00 0)
eps^3:  (-2.1099257716452652092834682011379e+00 0)
eps^4:  (+4.0416338730100978739182803024821e-01 0)

n. 19, MI[1,1,1,1,1,1,1,-1,-1]
eps^-4: (0 0)
eps^-3: (0 0)
eps^-2: (+7.3683831360485741017934258744802e+00 0)
eps^-1: (-2.1308805887860167691456840340427e+02 -2.6647109895833060108625333739982e+02)
eps^0:  (-7.0562544186584429995246486023053e+02 -2.0406947398672925675655417015251e+03)
eps^1:  (-8.1161614919044938315622471595641e+02 -7.7499454393746317137380472681163e+03)
eps^2:  (+1.7299612230974294428617597274965e+03 -2.1224208124311165921717283449720e+04)
eps^3:  (+9.9667531652057985658435142589446e+03 -4.8214100093752803399222910605886e+04)
eps^4:  (+2.9646916560598700083534872961094e+04 -1.0056774247499295363519163952248e+05)

n. 20, MI[1,1,1,1,1,1,1,0,-1]
eps^-4: (0 0)
eps^-3: (0 0)
eps^-2: (+1.8420957840121435254483564686201e+00 0)
eps^-1: (-3.5258543653844670589609027980823e+02 +2.4812417772818389334530499598547e+03)
eps^0:  (-6.2513310347308503210621287007098e+03 +8.9884506830463693133337698095750e+03)
eps^1:  (-2.3567759537955022971699530605939e+04 +2.5270801173515077487589623599027e+04)
eps^2:  (-7.0662258590672506742610444205616e+04 +4.8314480390737332093709707063658e+04)
eps^3:  (-1.5916972247937055684333676469445e+05 +9.8915210267769958859096961481867e+04)
eps^4:  (-3.5568859960588556713658033027391e+05 +1.7098729149966167854953288156417e+05)

n. 21, MI[1,1,1,0,1,1,1,-1,0]
eps^-4: (-1.1111111111111111111111111111111e-01 0)
eps^-3: (+7.4440097492029202183898679464780e-01 -1.3962634015954636615389526147909e+00)
eps^-2: (+4.5419265751497795545961449821962e+00 +5.9836196551307688978878861201808e+00)
eps^-1: (-6.4364305806796125559164182381242e+00 +1.6776289167312138734461478355818e+01)
eps^0:  (-1.8235540129607226428983626299553e+01 +1.6553015067075067215667416748523e+01)
eps^1:  (-4.3178431987551292954906398328876e+00 +2.8835778966000052793114120860622e+01)
eps^2:  (+1.2720728898412121567739108755252e+01 +1.2016259387022710602115627334774e+02)
eps^3:  (+1.3390305063405832317281482637364e+01 +4.1765228065952099446798589917589e+02)
eps^4:  (-3.2177793598677578585557026121931e+02 +1.2804123034487270067623258610601e+03)

n. 22, MI[1,1,1,1,1,1,1,0,0]
eps^-4: (+7.4074074074074074074074074074074e-02 0)
eps^-3: (-3.6476044916177152257649589807807e-01 +5.8177641733144319230789692282954e-01)
eps^-2: (+1.3739641220245386910540608864832e+01 +1.9278384872015716337156045075475e+01)
eps^-1: (-1.3221887091282057536989181109531e+02 +1.3679061441865709369870537774503e+03)
eps^0:  (-2.9785160353750546726333117773279e+03 +5.0900942856612979503965554286710e+03)
eps^1:  (-1.1753769012704716118291871738694e+04 +1.4505720506562398687956634514430e+04)
eps^2:  (-3.5681408029799729903360517400550e+04 +2.8916870603798468971019362787060e+04)
eps^3:  (-8.1551463020729937955339592392028e+04 +5.9882447110090896127789208838189e+04)
eps^4:  (-1.8140600926410406903822380491912e+05 +1.0716748244476282847612986176771e+05)

n. 23, MI[1,1,1,0,1,1,1,0,0]
eps^-4: (-3.4722222222222222222222222222222e-02 0)
eps^-3: (+2.3262530466259125682468337332744e-01 -4.3633231299858239423092269212215e-01)
eps^-2: (+1.4251347670017396187809263306061e+00 +2.0805560723163595590061876480575e+00)
eps^-1: (-5.1601729366545195737360520430843e+00 +2.2170357568317680609709082816685e+00)
eps^0:  (-1.0168091940375654257020961326789e+01 -7.6371334550569150451449171604577e+00)
eps^1:  (-1.8314658568420225840766610106815e+01 -2.0168084409404365722627590626107e+01)
eps^2:  (-6.6151268818681290914906446772889e+01 -2.7327482096595401455422500022394e+01)
eps^3:  (-3.1439700364032287786481839152254e+02 -4.3902682263209148645488851818943e+01)
eps^4:  (-1.3166880321323863359620639108566e+03 -1.1752632205673054197933582641787e+02)

n. 24, MI[0,1,1,1,1,1,1,0,0]
eps^-4: (-6.9444444444444444444444444444444e-03 0)
eps^-3: (+4.6525060932518251364936674665488e-02 -8.7266462599716478846184538424431e-02)
eps^-2: (+1.5257528431027586042585548783658e-01 +5.8465115853366733453421611801231e-01)
eps^-1: (-2.2469658438495351412751449165632e+00 -2.6762049019213821686460312341047e+00)
eps^0:  (+3.0342211127157750310200300779811e+00 -1.3026009834732270730937804757681e+01)
eps^1:  (+2.1218157679560923274137706982928e+01 -2.6892100456319523248232284128241e+01)
eps^2:  (+7.3625822005043760128305960426992e+01 -5.3711196910524321135410881049546e+01)
eps^3:  (+2.5894092170644016805044681029265e+02 -1.4409077936373517131071538560320e+02)
eps^4:  (+1.0520431695820594962116201851725e+03 -4.3948061182818439232931759456301e+02)

n. 25, MI[0,1,1,0,1,1,1,0,0]
eps^-4: (+1.0416666666666666666666666666667e-02 0)
eps^-3: (-6.9787591398777377047405011998231e-02 +1.3089969389957471826927680763665e-01)
eps^-2: (-4.3447968482144209519783512758562e-01 -8.7697673780050100180132417701846e-01)
eps^-1: (+3.0340055111527718279261886573940e+00 -4.3089540106794976630527005652083e-01)
eps^0:  (+1.1140374769677023108976035539760e+00 +2.5996334204565306961843072859239e+00)
eps^1:  (+7.4734256634038566394231340534982e+00 +3.1358302526872567383810828515117e+00)
eps^2:  (+1.1650362976533870812964751412219e+01 -6.5035665921861035176694614033612e-01)
eps^3:  (+1.1055422438085542254071455020434e+02 -3.8444468490564716084961834882621e+00)
eps^4:  (+3.5300070483445550649206253442866e+02 -3.1519701275477878812148796305273e+00)

n. 26, MI[1,1,1,1,1,1,1,-1,0]
eps^-4: (+2.5925925925925925925925925925926e-01 0)
eps^-3: (-1.2109081383403220830263213274297e+00 +1.8616845354606182153852701530545e+00)
eps^-2: (+2.6565856899106392198849230123241e+01 +3.7184688545226453105180416276794e+01)
eps^-1: (-2.4137622920622138601988819301009e+02 +1.2957500210982747163891548076347e+03)
eps^0:  (-3.3077317903564035761980381958640e+03 +4.2540420549352118805297946528830e+03)
eps^1:  (-1.2274917332040329237906180749879e+04 +1.1050100580798662075754890807871e+04)
eps^2:  (-3.4981266655104485223637395326315e+04 +1.9161114361594000146019986282369e+04)
eps^3:  (-7.7442668730375037876739567117360e+04 +3.7167683998893116447326475230065e+04)
eps^4:  (-1.6732145428110632203180605722714e+05 +5.8835747991772085185403850861527e+04)

n. 27, MI[1,1,1,1,1,0,1,0,0]
eps^-4: (+1.1111111111111111111111111111111e-01 0)
eps^-3: (-2.1837350511326605390767226789928e-01 0)
eps^-2: (+1.1284437041696671573019980992840e+00 0)
eps^-1: (+6.4556296329050822284179058892707e-01 0)
eps^0:  (+8.1778091588978640952382672804179e-01 0)
eps^1:  (-4.6829634743628328974474108812871e+00 0)
eps^2:  (-1.1396137386617958726303276558713e+01 0)
eps^3:  (-2.8574387250501594243679414275068e+01 0)
eps^4:  (-5.3204761671599389697212186158528e+01 0)

n. 28, MI[0,1,1,1,1,0,1,0,0]
eps^-4: (0 0)
eps^-3: (0 0)
eps^-2: (-5.4831135561607547882413838888201e-01 0)
eps^-1: (+6.7694441918706867350243740062767e-01 0)
eps^0:  (-9.9302301867260366689678011744122e-01 0)
eps^1:  (+6.6723877594701322910834181353654e+00 0)
eps^2:  (-1.0998257247154759164766452161669e+00 0)
eps^3:  (+3.0140277594036899554810164799133e+01 0)
eps^4:  (-6.2844759774891738680981724196513e+00 0)

