n. 0, MI[1,0,0,0,1,1,2,0,0]
eps^-4: (0 0)
eps^-3: (0 0)
eps^-2: (0 0)
eps^-1: (-6.2915887847157763249795600332101e-01 +1.3521695669718781091918063561547e+00)
eps^0:  (-5.7886735443574909884305236859130e+00 -3.1401671461141862538850134389494e+00)
eps^1:  (+3.2842012315634294016167817328355e+00 -4.7240912731867233687236258015416e+00)
eps^2:  (-2.0284115117980509307139111918785e+01 +2.9150568071763812207132374353640e+00)
eps^3:  (-5.9991900663748339756731667119767e+01 +7.8296046987141696221985738535215e+00)
eps^4:  (-3.4603805613830709813901260641483e+02 +4.0674880820025543365412205404054e+00)

n. 1, MI[1,0,1,0,1,1,1,0,0]
eps^-4: (0 0)
eps^-3: (0 0)
eps^-2: (0 0)
eps^-1: (0 0)
eps^0:  (-2.4003024116447150934126004349624e+00 -4.8659461072892942664540295478084e+00)
eps^1:  (+1.1388229702268076123157660267927e+01 -1.3812044851723885837848185930275e+01)
eps^2:  (+2.1660779389431872098317662539930e+01 -2.1946817674063629881503970541556e+01)
eps^3:  (+8.3620937394189731610356337708041e+01 -3.3716834537110254815509360974100e+01)
eps^4:  (+1.1643273576317145283432880199413e+02 -6.2555979327032282428159671519938e+01)

n. 2, MI[2,0,1,0,1,1,1,0,0]
eps^-4: (0 0)
eps^-3: (0 0)
eps^-2: (+5.0000000000000000000000000000000e-02 0)
eps^-1: (-3.1866535773356332352072714233086e-01 +3.1415926535897932384626433832795e-01)
eps^0:  (+1.0188220247183310699488059403558e+00 -2.6783182771045909386089302913923e+00)
eps^1:  (+3.2637566712552848381786821017303e+00 +4.6980688224789346721061661220600e+00)
eps^2:  (+1.4985177305297894467828106709996e+00 -1.4041156817490868349664943771654e+01)
eps^3:  (+4.0018659713404767061791813061655e+01 +8.0227071177172752902886093469733e+00)
eps^4:  (+8.4797447432565622734067787943626e+01 -5.2590873152273583073902757563809e+01)

n. 3, MI[0,0,2,2,0,0,1,0,0]
eps^-4: (0 0)
eps^-3: (0 0)
eps^-2: (0 0)
eps^-1: (+5.7805766381627424298713104859930e-01 0)
eps^0:  (-1.0963400284727626629275972059214e+00 0)
eps^1:  (+3.2782084311660317900888280738729e+00 0)
eps^2:  (-7.0436211215075180740173675759063e+00 0)
eps^3:  (+1.5205624896002201245539797938714e+01 0)
eps^4:  (-3.1901850838656046671752244235625e+01 0)

n. 4, MI[0,0,2,0,0,2,0,0,0]
eps^-4: (0 0)
eps^-3: (0 0)
eps^-2: (+1.0000000000000000000000000000000e+00 0)
eps^-1: (-1.1544313298030657212130241801648e+00 0)
eps^0:  (+2.3112899144636637851091674393565e+00 0)
eps^1:  (-2.9567553800979386922418768113639e+00 0)
eps^2:  (+3.9893102121315218528447893593801e+00 0)
eps^3:  (-4.8924230402605264307132041777190e+00 0)
eps^4:  (+5.8854304761519303518453150012476e+00 0)

n. 5, MI[0,0,2,1,1,1,0,0,0]
eps^-4: (0 0)
eps^-3: (-1.8181818181818181818181818181818e-01 0)
eps^-2: (+5.7775148239273192212145142732043e-01 0)
eps^-1: (-7.4578312820015811283886686035126e-01 0)
eps^0:  (+1.3679392933900110926257576427108e+00 0)
eps^1:  (-1.6044747844559494014933063802523e+00 0)
eps^2:  (+2.2664425292264445965532193084062e+00 0)
eps^3:  (-2.5635970943631356016425783752639e+00 0)
eps^4:  (+3.2287391496194289881147857660686e+00 0)

n. 6, MI[0,0,1,2,0,0,2,0,0]
eps^-4: (0 0)
eps^-3: (0 0)
eps^-2: (-3.6363636363636363636363636363636e-01 0)
eps^-1: (+7.3509739110090075843408027384137e-01 0)
eps^0:  (-1.6923145458512874800778117241431e+00 0)
eps^1:  (+4.0846821486350611765061537460234e+00 0)
eps^2:  (-7.6452619797769386058580601215615e+00 0)
eps^3:  (+1.6893655261180327391401786216189e+01 0)
eps^4:  (-3.2519063864518863011776501913230e+01 0)

n. 7, MI[0,0,2,1,0,0,2,0,0]
eps^-4: (0 0)
eps^-3: (0 0)
eps^-2: (0 0)
eps^-1: (+5.7805766381627424298713104859930e-01 0)
eps^0:  (-1.0963400284727626629275972059214e+00 0)
eps^1:  (+3.2782084311660317900888280738729e+00 0)
eps^2:  (-7.0436211215075180740173675759063e+00 0)
eps^3:  (+1.5205624896002201245539797938714e+01 0)
eps^4:  (-3.1901850838656046671752244235625e+01 0)

n. 8, MI[0,0,2,0,1,0,2,0,0]
eps^-4: (0 0)
eps^-3: (0 0)
eps^-2: (-2.5000000000000000000000000000000e-01 0)
eps^-1: (+2.8860783245076643030325604504120e-01 0)
eps^0:  (-2.2227565454641423827497070264852e+00 0)
eps^1:  (+2.3403846093525915135212108428148e-01 0)
eps^2:  (-1.9341034512648124566824418386004e+01 0)
eps^3:  (-3.2626178969664612505817148121305e+01 0)
eps^4:  (-2.2412570076277660818122035166035e+02 0)

n. 9, MI[1,0,1,1,1,0,1,0,0]
eps^-4: (0 0)
eps^-3: (0 0)
eps^-2: (0 0)
eps^-1: (+1.0363046255996105688485423610590e-01 +2.1623694482883238146833938617775e+00)
eps^0:  (-7.9397465614379532127706845476399e+00 +1.6339341104867716223797242813717e+00)
eps^1:  (-7.5329792109838016026224099975705e+00 -2.8174998262868181593938476982307e+00)
eps^2:  (-2.9259269708922079738073714517721e+01 -4.5885810337069088212289364378561e+00)
eps^3:  (-4.2977318006995195879093851351873e+01 -1.9559736021465555576982975735330e+00)
eps^4:  (-2.1224612350471890590162863258304e+02 +5.9639433975207531256279659387637e-01)

n. 10, MI[1,0,1,1,1,1,1,0,-1]
eps^-4: (0 0)
eps^-3: (0 0)
eps^-2: (-5.7196261679234330227086909392819e-01 +1.2292450608835255538107330510497e+00)
eps^-1: (-3.5608736043700850910642743685492e+00 -1.7367998738812423321242873601812e+00)
eps^0:  (-2.4076594450163170378872749900860e+00 -4.0697667353889783514827567982316e+00)
eps^1:  (-9.1672289660419218904000200468433e+00 +3.7614926390550179243286167720348e-02)
eps^2:  (-7.1007829211015149143273537877610e+01 +4.1654380120079241051372481372911e+00)
eps^3:  (-2.6292396029074405501904937929627e+02 +3.0577503467147420315939046680742e+00)
eps^4:  (-1.1408452215520045362910332898726e+03 +8.1511275739815898582382904733237e-02)

n. 11, MI[1,0,1,1,1,1,1,0,0]
eps^-4: (0 0)
eps^-3: (0 0)
eps^-2: (-1.1439252335846866045417381878564e-01 +2.4584901217670511076214661020994e-01)
eps^-1: (-7.4985852544127558435280186865744e-01 -1.1336761377901843990370006945008e+00)
eps^0:  (+1.6502578799286121628413194769148e+00 -1.0343088428672969824130440996484e+00)
eps^1:  (-2.8320411999503684220841316214585e+00 +2.2391652812121860062210693932529e+00)
eps^2:  (-2.4098245218130800634588942265504e+01 +4.7083639638395703506704662968613e+00)
eps^3:  (-1.1599577529949182059117408825384e+02 +4.9474737853832985892292328508108e+00)
eps^4:  (-4.9225839435574361745625911617159e+02 +6.3527741097940495641844786054385e+00)

n. 12, MI[1,1,0,1,1,1,1,0,-1]
eps^-4: (-1.2121212121212121212121212121212e-01 0)
eps^-3: (+5.5517443759184196464747182000641e-01 -5.7119866428905331608411697877809e-01)
eps^-2: (+5.3085341510161038139516537408784e-01 +2.7343685985241398725967508902935e+00)
eps^-1: (-5.3066404191598741540466464674719e+00 +9.5451673880591430359123501939892e-01)
eps^0:  (-5.3809871356226898264790491869022e+00 -4.5979365591769671764345116948396e+00)
eps^1:  (-1.3963285405381895370093333027841e+00 -3.4124160814606226482055252758088e+00)
eps^2:  (-2.3353268427107758544356292462099e+01 +1.6404831876079799902172719461524e+00)
eps^3:  (-4.6377028649313252659882718392542e+01 +2.8331728925945241757117090151242e+00)
eps^4:  (-2.1002976850841475768352150962625e+02 +7.7286586540391362735448786804722e-01)

n. 13, MI[1,1,1,1,1,1,1,0,0]
eps^-4: (+3.5261707988980716253443526170799e-02 0)
eps^-3: (-1.6697654926206125881783245457206e-01 +1.2462516311761163260017097718795e-01)
eps^-2: (+2.2683836670388912022804100523629e-03 -6.1377797736891431185353435001477e-01)
eps^-1: (+1.1072967050884729540057555852561e+00 +3.8873319169443303447826726053983e-01)
eps^0:  (-5.2049947830565652438503626312911e-01 +1.9230250491203571276197431843278e+00)
eps^1:  (-2.4867134848016729249964029791919e+00 +1.0418596682554931808300315340080e+00)
eps^2:  (-1.4115569051861217378192592941883e+00 -3.1514519274034336085677482324260e-01)
eps^3:  (+7.2139987915366282370579600606852e+00 +5.8124151857533322350059962119641e-01)
eps^4:  (+4.8207209517478247054323306959271e+01 +3.4798896506279349910250087188269e+00)

n. 14, MI[1,1,1,1,1,1,0,0,0]
eps^-4: (+3.3057851239669421487603305785124e-02 0)
eps^-3: (-1.7192842897576811312803112464000e-01 0)
eps^-2: (+3.3010479714952074134222637622500e-01 0)
eps^-1: (-4.8298334268956322613437267859955e-01 0)
eps^0:  (+7.5952843778347376373392687798415e-01 0)
eps^1:  (-9.0172246213654310879875527966291e-01 0)
eps^2:  (+1.2384091386290079286986316764411e+00 0)
eps^3:  (-1.3664627600465378081214140134265e+00 0)
eps^4:  (+1.7392870747771976884102865653700e+00 0)

n. 15, MI[1,1,1,1,1,1,1,-1,0]
eps^-4: (+8.8154269972451790633608815426997e-02 0)
eps^-3: (-4.3111951897078486525463731285566e-01 +2.0770860519601938766695162864658e-01)
eps^-2: (+2.5735970265284674930032144606841e-01 -1.0802581788270152882882165571331e+00)
eps^-1: (+1.5430708022725245812556962016774e+00 +1.3193686640893567293743054048708e+00)
eps^0:  (-2.7292573647260999422242707627242e+00 +5.2133349349164717755993280043599e+00)
eps^1:  (-1.3827982480075711901092890549494e+01 +4.7921587221807877670166879471216e+00)
eps^2:  (-3.0933403592602872337453779900338e+01 +4.0697939059890947032520461681093e+00)
eps^3:  (-8.5741090672867907116004993704093e+01 +9.7898905679469302898531246883365e+00)
eps^4:  (-2.6021356738255562188692979484185e+02 +2.4094757926420376482721667855691e+01)

n. 16, MI[0,1,1,1,1,1,1,0,0]
eps^-4: (+1.1019283746556473829201101928375e-02 0)
eps^-3: (-5.7309476325256037709343708213332e-02 0)
eps^-2: (+1.7210509485659409945711308400991e-01 0)
eps^-1: (-3.1798528802581561195311528748655e-01 0)
eps^0:  (+2.0414840587297226676412126634025e-01 0)
eps^1:  (-6.8384457071173072267047566035315e-01 0)
eps^2:  (+1.8769792957533985085935124454131e+00 0)
eps^3:  (+1.0244503402559050149770280040273e+01 0)
eps^4:  (+6.2733045837004841057471552007776e+01 0)

n. 17, MI[1,1,0,1,1,1,1,0,0]
eps^-4: (-4.2424242424242424242424242424242e-02 0)
eps^-3: (+1.9054956305784596511884968848523e-01 -2.2847946571562132643364679151124e-01)
eps^-2: (+2.6128644667088655783661521880310e-01 +1.0464791607596255149995314277529e+00)
eps^-1: (-2.2299593650505260180961328537267e+00 -1.2686585678295742715289690337829e-01)
eps^0:  (-1.5996872371823282747430032085759e-01 -2.1894349133432786502807754745902e+00)
eps^1:  (-1.9746128602826043226928462837575e-01 -7.6017230502377771097265084117385e-01)
eps^2:  (-4.7611876102405424946738415938273e+00 +1.6283711468994507540866643134134e+00)
eps^3:  (-2.7180133417647890829220591953524e+01 +1.5646351652580259093877252098480e+00)
eps^4:  (-9.8083505896865923403378486577407e+01 +2.2577838080910023804364042915962e-01)

n. 18, MI[0,1,1,0,1,1,1,0,0]
eps^-4: (0 0)
eps^-3: (0 0)
eps^-2: (0 0)
eps^-1: (0 0)
eps^0:  (-4.4161239535942444583625951504205e+00 0)
eps^1:  (-1.4758878131926496831001779896857e+01 0)
eps^2:  (-9.1249462478200897603108653021338e+01 0)
eps^3:  (-3.5954190640331350386642613551508e+02 0)
eps^4:  (-1.6386441821953870005467178777948e+03 0)

n. 19, MI[0,1,1,1,1,0,1,0,0]
eps^-4: (0 0)
eps^-3: (0 0)
eps^-2: (-2.9907892124513207935862093939019e-01 0)
eps^-1: (+1.7787740566991788185444000674575e-01 0)
eps^0:  (-2.9960678611920410245133298566334e+00 0)
eps^1:  (-2.7536168590857141650514039952333e+00 0)
eps^2:  (-3.2359673086991503257868196741303e+01 0)
eps^3:  (-8.5033037457366320699263886559036e+01 0)
eps^4:  (-4.3675291692969381803429217872618e+02 0)

n. 20, MI[1,1,0,1,1,0,1,0,0]
eps^-4: (+5.0000000000000000000000000000000e-02 0)
eps^-3: (-2.1866535773356332352072714233086e-01 +3.1415926535897932384626433832795e-01)
eps^-2: (-5.9106175672387496793059241262482e-01 -1.3739149629006932363204984366590e+00)
eps^-1: (+3.3378486883468488906622729945180e+00 +4.2041967855676967025493593386589e-01)
eps^0:  (-2.5596391488176751050699723692550e+00 +2.8923256167866357765142481805417e+00)
eps^1:  (+1.0693551147705769743645409924473e+00 +3.3051402499508452503896414958206e-01)
eps^2:  (-9.8439347582907729192437587629882e+00 -2.8042068746605012458444117935207e+00)
eps^3:  (+1.8433541617723508044122271008187e+01 -2.0311245831797597788280857593785e+00)
eps^4:  (-3.1850217930656088227773965691486e+01 +1.8218789325952313010415903734260e-01)

