n. 0, MI[1,0,0,0,1,1,2,0,0]
eps^-4: (0 0)
eps^-3: (0 0)
eps^-2: (0 0)
eps^-1: (-6.2915887847157763249795600332101e-01 +1.3521695669718781091918063561547e+00)
eps^0:  (-5.7886735443574909884305236859130e+00 -3.1401671461141862538850134389494e+00)
eps^1:  (+3.2842012315634294016167817328355e+00 -4.7240912731867233687236258015416e+00)
eps^2:  (-2.0284115117980509307139111918785e+01 +2.9150568071763812207132374353640e+00)
eps^3:  (-5.9991900663748339756731667119767e+01 +7.8296046987141696221985738535215e+00)
eps^4:  (-3.4603805613830709813901260641483e+02 +4.0674880820025543365412205404054e+00)

n. 1, MI[1,0,1,0,1,1,1,0,0]
eps^-4: (0 0)
eps^-3: (0 0)
eps^-2: (0 0)
eps^-1: (0 0)
eps^0:  (-2.4003024116447150934126004349624e+00 -4.8659461072892942664540295478084e+00)
eps^1:  (+1.1388229702268076123157660267927e+01 -1.3812044851723885837848185930275e+01)
eps^2:  (+2.1660779389431872098317662539930e+01 -2.1946817674063629881503970541556e+01)
eps^3:  (+8.3620937394189731610356337708041e+01 -3.3716834537110254815509360974100e+01)
eps^4:  (+1.1643273576317145283432880199413e+02 -6.2555979327032282428159671519938e+01)

n. 2, MI[2,0,1,0,1,1,1,0,0]
eps^-4: (0 0)
eps^-3: (0 0)
eps^-2: (+5.0000000000000000000000000000000e-02 0)
eps^-1: (-3.1866535773356332352072714233086e-01 +3.1415926535897932384626433832795e-01)
eps^0:  (+1.0188220247183310699488059403558e+00 -2.6783182771045909386089302913923e+00)
eps^1:  (+3.2637566712552848381786821017303e+00 +4.6980688224789346721061661220600e+00)
eps^2:  (+1.4985177305297894467828106709996e+00 -1.4041156817490868349664943771654e+01)
eps^3:  (+4.0018659713404767061791813061655e+01 +8.0227071177172752902886093469733e+00)
eps^4:  (+8.4797447432565622734067787943626e+01 -5.2590873152273583073902757563809e+01)

n. 3, MI[0,0,2,2,0,0,1,0,0]
eps^-4: (0 0)
eps^-3: (0 0)
eps^-2: (0 0)
eps^-1: (+6.4874417297306301116482098474296e-01 0)
eps^0:  (-1.0090639022154587489271287701208e+00 0)
eps^1:  (+3.4657755039045904988059483516721e+00 0)
eps^2:  (-6.8842702221731601671578193537276e+00 0)
eps^3:  (+1.5438454017981269148254394713631e+01 0)
eps^4:  (-3.1749542541700442732622827564896e+01 0)

n. 4, MI[0,0,2,0,0,2,0,0,0]
eps^-4: (0 0)
eps^-3: (0 0)
eps^-2: (+1.0000000000000000000000000000000e+00 0)
eps^-1: (-1.1544313298030657212130241801648e+00 0)
eps^0:  (+2.3112899144636637851091674393565e+00 0)
eps^1:  (-2.9567553800979386922418768113639e+00 0)
eps^2:  (+3.9893102121315218528447893593801e+00 0)
eps^3:  (-4.8924230402605264307132041777190e+00 0)
eps^4:  (+5.8854304761519303518453150012476e+00 0)

n. 5, MI[0,0,2,1,1,1,0,0,0]
eps^-4: (0 0)
eps^-3: (-2.2222222222222222222222222222222e-01 0)
eps^-2: (+6.1695372494127183313890592044938e-01 0)
eps^-1: (-7.8194089752377493782353325169652e-01 0)
eps^0:  (+1.4438193255685908592280304782689e+00 0)
eps^1:  (-1.6381460682920749755684701163258e+00 0)
eps^2:  (+2.3541468326878687341024931187828e+00 0)
eps^3:  (-2.6000259543502981561327253832251e+00 0)
eps^4:  (+3.3186991362324184366342277853431e+00 0)

n. 6, MI[0,0,1,2,0,0,2,0,0]
eps^-4: (0 0)
eps^-3: (0 0)
eps^-2: (-4.4444444444444444444444444444444e-01 0)
eps^-1: (+6.5724596279537654524241541001613e-01 0)
eps^0:  (-1.8335964429989502131401955154415e+00 0)
eps^1:  (+4.0470431166035323768304334436269e+00 0)
eps^2:  (-7.6729594061172129021817584601940e+00 0)
eps^3:  (+1.7042414035337354561047338007297e+01 0)
eps^4:  (-3.2335428875971979211059756952734e+01 0)

n. 7, MI[0,0,2,1,0,0,2,0,0]
eps^-4: (0 0)
eps^-3: (0 0)
eps^-2: (0 0)
eps^-1: (+6.4874417297306301116482098474296e-01 0)
eps^0:  (-1.0090639022154587489271287701208e+00 0)
eps^1:  (+3.4657755039045904988059483516721e+00 0)
eps^2:  (-6.8842702221731601671578193537276e+00 0)
eps^3:  (+1.5438454017981269148254394713631e+01 0)
eps^4:  (-3.1749542541700442732622827564896e+01 0)

n. 8, MI[0,0,2,0,1,0,2,0,0]
eps^-4: (0 0)
eps^-3: (0 0)
eps^-2: (-2.5000000000000000000000000000000e-01 0)
eps^-1: (+2.8860783245076643030325604504120e-01 0)
eps^0:  (-2.2227565454641423827497070264852e+00 0)
eps^1:  (+2.3403846093525915135212108428148e-01 0)
eps^2:  (-1.9341034512648124566824418386004e+01 0)
eps^3:  (-3.2626178969664612505817148121305e+01 0)
eps^4:  (-2.2412570076277660818122035166035e+02 0)

n. 9, MI[1,0,1,1,1,0,1,0,0]
eps^-4: (0 0)
eps^-3: (0 0)
eps^-2: (0 0)
eps^-1: (+5.8626973847296149286377145713370e-02 +2.2614905247292478073218836860898e+00)
eps^0:  (-8.3290543070212329455975390250512e+00 +1.8039407942744162940349212773534e+00)
eps^1:  (-8.5155666781093716190180502663578e+00 -2.7743938596938319203228048378765e+00)
eps^2:  (-3.1421899100167368369292530180800e+01 -4.7300807276253301212032614885751e+00)
eps^3:  (-4.8242399535668897153808386766526e+01 -2.1432293235742203409575311239458e+00)
eps^4:  (-2.2658389376689333100553231423863e+02 +4.7648366658550303604776747407827e-01)

n. 10, MI[1,0,1,1,1,1,1,0,-1]
eps^-4: (0 0)
eps^-3: (0 0)
eps^-2: (-6.9906542052397514721995111480113e-01 +1.5024106299687534546575626179496e+00)
eps^-1: (-4.4543050053944689407852859950987e+00 -1.6116147261566542303169459431749e+00)
eps^0:  (-4.0493352451403463564287135614308e+00 -4.5610926619325017064418782890249e+00)
eps^1:  (-1.3354334955949965963490049227793e+01 -5.4639670927775127798405877068019e-01)
eps^2:  (-8.7173666263120375771504964559127e+01 +4.1127560540592615948284466961691e+00)
eps^3:  (-3.2714511857517927168797874972275e+02 +3.3936544603173308818516327315215e+00)
eps^4:  (-1.3943792887529161844365799292935e+03 +3.6203161607250727028601096616060e-01)

n. 11, MI[1,0,1,1,1,1,1,0,0]
eps^-4: (0 0)
eps^-3: (0 0)
eps^-2: (-1.3981308410479502944399022296023e-01 +3.0048212599375069093151252358993e-01)
eps^-1: (-9.1691743389991429895100259711457e-01 -1.3274298451109965382064486046749e+00)
eps^0:  (+1.8562854140123841966340107177103e+00 -1.6517000467028282349910106239433e+00)
eps^1:  (-2.4644932711851322009703273988336e+00 +1.5310723828605005480482249110761e+00)
eps^2:  (-2.6155710572660282272744803263844e+01 +4.0422295932904129365362932312137e+00)
eps^3:  (-1.3317037099064920250236641697198e+02 +3.7557640445772209424842249822355e+00)
eps^4:  (-5.8096523487940305865540330292785e+02 +3.5548072076264402198818034448826e+00)

n. 12, MI[1,1,0,1,1,1,1,0,-1]
eps^-4: (-1.4814814814814814814814814814815e-01 0)
eps^-3: (+6.4881754291415482178817620902708e-01 -6.9813170079773183076947630739545e-01)
eps^-2: (+7.7249980726533389720335483386752e-01 +3.0618169170163270677662563237529e+00)
eps^-1: (-5.8723427693461272188118123524498e+00 +1.4686111870379668448122696518748e+00)
eps^0:  (-6.4595910879654533588944691361813e+00 -4.8701890230582047406051453405004e+00)
eps^1:  (-2.2273574035203363154749107581572e+00 -4.2685499419334641831931069777598e+00)
eps^2:  (-2.4624644892484404071711419531671e+01 +1.1374289693041879913546204575756e+00)
eps^3:  (-5.0646903971306311988004839367996e+01 +2.9321183878819265658864526950344e+00)
eps^4:  (-2.2345895566209186549103934471370e+02 +1.0803474788396917144274107997578e+00)

n. 13, MI[1,1,1,1,1,1,1,0,0]
eps^-4: (+5.2674897119341563786008230452675e-02 0)
eps^-3: (-2.3093606503611543596046350402210e-01 +1.8616845354606182153852701530545e-01)
eps^-2: (-7.8635265483354075832145188287750e-02 -8.1725540498344602185852107577209e-01)
eps^-1: (+1.4956157960743298645227206853405e+00 +2.3075447613421698301578950856048e-01)
eps^0:  (-1.1724860521880345650473981007246e-01 +2.4517276019162981119204851407425e+00)
eps^1:  (-2.8587067450448014796075985074042e+00 +2.0207279403736425549473636486507e+00)
eps^2:  (-2.6074526332102709988280511004050e+00 +5.6756345667220656023440160141037e-01)
eps^3:  (+5.6288005001694012631177588754763e+00 +1.5788712387145418931293438617656e+00)
eps^4:  (+4.6876483502103105594288711138114e+01 +5.5330978339174608737104066668919e+00)

n. 14, MI[1,1,1,1,1,1,0,0,0]
eps^-4: (+4.9382716049382716049382716049383e-02 0)
eps^-3: (-2.1719270097127806306356193105578e-01 0)
eps^-2: (+3.6328935434770160640715117481287e-01 0)
eps^-1: (-5.3913965379710049161249424421042e-01 0)
eps^0:  (+8.1978051979284997254941268281866e-01 0)
eps^1:  (-9.5087456675510658476754405085092e-01 0)
eps^2:  (+1.3177625067761815591278187313506e+00 0)
eps^3:  (-1.4069088369023038287926544006126e+00 0)
eps^4:  (+1.8313984890584730161619854387377e+00 0)

n. 15, MI[1,1,1,1,1,1,1,-1,0]
eps^-4: (+1.3168724279835390946502057613169e-01 0)
eps^-3: (-5.7795362036799511599060533430863e-01 +3.1028075591010303589754502550909e-01)
eps^-2: (+1.1447623857866545591264934720341e-01 -1.3646619875693838268337108688579e+00)
eps^-1: (+1.9086827848466618320798902580366e+00 +1.3103829749333596046244276184023e+00)
eps^0:  (-3.1409066474508385984874929150663e+00 +6.6824070975237659436403970283310e+00)
eps^1:  (-1.8150641934685687598348099971988e+01 +7.4988319454048984631534637837648e+00)
eps^2:  (-4.4017155722161341372064967820240e+01 +7.5660564022753451632791367263409e+00)
eps^3:  (-1.2251868124829237419867258927558e+02 +1.5549055239787184087743859936487e+01)
eps^4:  (-3.7033579517497421922391555109701e+02 +3.5917232531443048086827335547741e+01)

n. 16, MI[0,1,1,1,1,1,1,0,0]
eps^-4: (+1.6460905349794238683127572016461e-02 0)
eps^-3: (-7.2397566990426021021187310351928e-02 0)
eps^-2: (+2.2388776555163591208485209671152e-01 0)
eps^-1: (-2.8670883644256911030313080918652e-01 0)
eps^0:  (+3.6960167559987470626406359055229e-01 0)
eps^1:  (-2.7134149902518189788320255535772e-01 0)
eps^2:  (+3.8086110219761658245183138078323e+00 0)
eps^3:  (+1.8626828644865911750528721966156e+01 0)
eps^4:  (+9.9326469320486379387140907463741e+01 0)

n. 17, MI[1,1,0,1,1,1,1,0,0]
eps^-4: (-5.1851851851851851851851851851852e-02 0)
eps^-3: (+2.2694811201997021925573619395246e-01 -2.7925268031909273230779052295818e-01)
eps^-2: (+3.4408589480375670134438247608916e-01 +1.2229922558035735185845839032657e+00)
eps^-1: (-2.6302921969029267563061086261364e+00 +7.8071090295923819185209550115097e-02)
eps^0:  (-8.3428208178121580398420251225090e-01 -2.4350046072769599996909626608616e+00)
eps^1:  (-1.2505732795796652233061573000162e+00 -1.2613152664163677267276821800072e+00)
eps^2:  (-8.0649694071350361229961843899187e+00 +1.3799621578908758215174467922766e+00)
eps^3:  (-4.0444301409973367089619869924020e+01 +1.6463292528342645338400519972261e+00)
eps^4:  (-1.4854075528098781299173512995636e+02 +3.9292752805563014472207368026164e-01)

n. 18, MI[0,1,1,0,1,1,1,0,0]
eps^-4: (0 0)
eps^-3: (0 0)
eps^-2: (0 0)
eps^-1: (0 0)
eps^0:  (-4.9080847457220353571746256458109e+00 0)
eps^1:  (-1.7770254859258772186877424889129e+01 0)
eps^2:  (-1.0729594212463561912666436931732e+02 0)
eps^3:  (-4.3428808562067613846661812790418e+02 0)
eps^4:  (-1.9703959178239412306943010091862e+03 0)

n. 19, MI[0,1,1,1,1,0,1,0,0]
eps^-4: (0 0)
eps^-3: (0 0)
eps^-2: (-3.6554090374405031921609225925467e-01 0)
eps^-1: (+2.3610190215000972881260075867889e-03 0)
eps^0:  (-3.8258572313935835013383856764664e+00 0)
eps^1:  (-5.8128585560244647848466449449062e+00 0)
eps^2:  (-4.4892052895812897878547501486689e+01 0)
eps^3:  (-1.3489699037126466318392746040636e+02 0)
eps^4:  (-6.3711115796920692775069159889184e+02 0)

n. 20, MI[1,1,0,1,1,0,1,0,0]
eps^-4: (+5.0000000000000000000000000000000e-02 0)
eps^-3: (-2.1866535773356332352072714233086e-01 +3.1415926535897932384626433832795e-01)
eps^-2: (-5.9106175672387496793059241262482e-01 -1.3739149629006932363204984366590e+00)
eps^-1: (+3.3378486883468488906622729945180e+00 +4.2041967855676967025493593386589e-01)
eps^0:  (-2.5596391488176751050699723692550e+00 +2.8923256167866357765142481805417e+00)
eps^1:  (+1.0693551147705769743645409924473e+00 +3.3051402499508452503896414958206e-01)
eps^2:  (-9.8439347582907729192437587629882e+00 -2.8042068746605012458444117935207e+00)
eps^3:  (+1.8433541617723508044122271008187e+01 -2.0311245831797597788280857593785e+00)
eps^4:  (-3.1850217930656088227773965691486e+01 +1.8218789325952313010415903734260e-01)

