n. 0, MI[0,0,1,1,0,1,2,0,0]
eps^-4: (0 0)
eps^-3: (0 0)
eps^-2: (0 0)
eps^-1: (0 0)
eps^0:  (-5.3981744528376593272055276142882e+00 -2.6027199404503646255792566139395e+00)
eps^1:  (-1.3093609787635492644345600211450e+01 -2.0394689978537799453812654610878e+01)
eps^2:  (-5.4637221947722638676068263906035e+01 -9.2724894740331668029581278419399e+01)
eps^3:  (-1.4286421830566759300745464700850e+02 -3.5762695569640228399942816089520e+02)
eps^4:  (-6.4841464676599900885951069247535e+02 -1.3718213888236327527848905368682e+03)

n. 1, MI[0,0,1,2,0,0,2,0,0]
eps^-4: (0 0)
eps^-3: (0 0)
eps^-2: (0 0)
eps^-1: (0 0)
eps^0:  (-1.7886690237561162097693549429900e+00 -1.2094172275422295667526825307957e+00)
eps^1:  (+4.1186571881338793332530411105187e+00 -4.4560195568292866073856986933905e+00)
eps^2:  (+3.8075611336049407837630966474866e+00 -4.1189949951369908308408667191655e+00)
eps^3:  (+3.3354364831694119970819189608602e+01 +9.0100311725324059996729805302119e+00)
eps^4:  (-1.9161483644429550100213540864114e+01 +3.1800067997952684180283679232387e+01)

n. 2, MI[0,0,2,1,0,0,2,0,0]
eps^-4: (0 0)
eps^-3: (0 0)
eps^-2: (0 0)
eps^-1: (-4.3040894096400403888943323295061e-01 +1.4049629462081452786312749286410e+00)
eps^0:  (-9.1384013819753510761962717432595e+00 -3.2784252597364880588153759245938e+00)
eps^1:  (+1.5116496556142327450484060698371e+00 -2.6353761361426434023744641274899e+01)
eps^2:  (+4.2055921285850794679716022397638e+01 -3.9199770191418381699074289800635e+01)
eps^3:  (+1.3459230188680271824822493258555e+02 +2.6164126120552886308339236510614e+01)
eps^4:  (+6.8781402069964091189855186943849e+01 +1.7159454385816289039639110306115e+02)

n. 3, MI[0,0,2,2,0,0,1,0,0]
eps^-4: (0 0)
eps^-3: (0 0)
eps^-2: (0 0)
eps^-1: (-4.3040894096400403888943323295061e-01 +1.4049629462081452786312749286410e+00)
eps^0:  (-9.1384013819753510761962717432595e+00 -3.2784252597364880588153759245938e+00)
eps^1:  (+1.5116496556142327450484060698371e+00 -2.6353761361426434023744641274899e+01)
eps^2:  (+4.2055921285850794679716022397638e+01 -3.9199770191418381699074289800635e+01)
eps^3:  (+1.3459230188680271824822493258555e+02 +2.6164126120552886308339236510614e+01)
eps^4:  (+6.8781402069964091189855186943849e+01 +1.7159454385816289039639110306115e+02)

n. 4, MI[0,1,0,1,1,0,2,0,0]
eps^-4: (0 0)
eps^-3: (0 0)
eps^-2: (0 0)
eps^-1: (0 0)
eps^0:  (-1.6759404229892411410996927914510e+00 -8.8394491153044013788484057293013e-01)
eps^1:  (+2.9537273797190025219528480951831e+00 -1.1127656934320411553998580714389e+00)
eps^2:  (-6.6638660410073680661300279697455e+00 -1.3099261258152513699352538049728e+00)
eps^3:  (+1.5494846525602574595715569394598e+01 -8.3251066901321156835375464990404e-01)
eps^4:  (-3.1248512287387897926411455870315e+01 -8.9764854159943020994559923542663e-01)

n. 5, MI[0,1,0,1,2,0,2,0,-1]
eps^-4: (0 0)
eps^-3: (0 0)
eps^-2: (0 0)
eps^-1: (0 0)
eps^0:  (-4.1538846145577856368443349565252e-01 -1.4329546224818076896292304772597e+00)
eps^1:  (+5.3533228758478580754511670834629e+00 +1.1583899974802200650594609717984e+00)
eps^2:  (-6.2201309221627522788222112674133e+00 +1.5230705746507016976336495174364e+00)
eps^3:  (+1.5494719517351681193307586436029e+01 +2.8157880706285588627511751611620e+00)
eps^4:  (-3.2978637229238736883073368002908e+01 +9.4222199899848901251502617907990e-01)

n. 6, MI[0,1,0,1,2,0,2,0,0]
eps^-4: (0 0)
eps^-3: (0 0)
eps^-2: (0 0)
eps^-1: (0 0)
eps^0:  (-4.7894605042227954120024397584248e-01 +8.2824600871069290625288921186186e-01)
eps^1:  (-1.8788832604610125160696327938381e+00 -7.2730552657435471322009062329137e-01)
eps^2:  (-3.1868774852516200883025363568169e-01 -8.8304746831351124180419237571731e-01)
eps^3:  (-9.2612650561555935868503807246711e-01 -1.5697257024433480870700955123462e+00)
eps^4:  (+1.0823170288084682085646041147817e+00 -3.8129209585003255393155907712906e-01)

n. 7, MI[0,1,0,2,1,0,2,0,-1]
eps^-4: (0 0)
eps^-3: (0 0)
eps^-2: (0 0)
eps^-1: (0 0)
eps^0:  (-4.1538846145577856368443349565252e-01 -1.4329546224818076896292304772597e+00)
eps^1:  (+5.3533228758478580754511670834629e+00 +1.1583899974802200650594609717984e+00)
eps^2:  (-6.2201309221627522788222112674133e+00 +1.5230705746507016976336495174364e+00)
eps^3:  (+1.5494719517351681193307586436029e+01 +2.8157880706285588627511751611620e+00)
eps^4:  (-3.2978637229238736883073368002908e+01 +9.4222199899848901251502617907990e-01)

n. 8, MI[0,1,0,2,1,0,2,0,0]
eps^-4: (0 0)
eps^-3: (0 0)
eps^-2: (0 0)
eps^-1: (0 0)
eps^0:  (-4.7894605042227954120024397584248e-01 +8.2824600871069290625288921186186e-01)
eps^1:  (-1.8788832604610125160696327938381e+00 -7.2730552657435471322009062329137e-01)
eps^2:  (-3.1868774852516200883025363568169e-01 -8.8304746831351124180419237571731e-01)
eps^3:  (-9.2612650561555935868503807246711e-01 -1.5697257024433480870700955123462e+00)
eps^4:  (+1.0823170288084682085646041147817e+00 -3.8129209585003255393155907712906e-01)

n. 9, MI[0,1,1,1,0,1,1,0,0]
eps^-4: (0 0)
eps^-3: (0 0)
eps^-2: (0 0)
eps^-1: (+2.9237086385263329202298829408908e+00 +1.2586424111181996390593576881609e+00)
eps^0:  (+6.5685489089546881925079907623026e+00 +9.6940823486571880990936470821536e+00)
eps^1:  (+2.6530172034141166857682203726581e+01 +4.3076095482310802906198365271528e+01)
eps^2:  (+6.4342621663307020440650926840393e+01 +1.6245385179011773397142020263401e+02)
eps^3:  (+2.9234257390081772717569488002956e+02 +6.1441105924509981629692174060209e+02)
eps^4:  (+1.0924636001462726182813541290002e+03 +2.4061331916536349498661462739322e+03)

n. 10, MI[0,1,1,1,1,0,1,0,0]
eps^-4: (0 0)
eps^-3: (0 0)
eps^-2: (0 0)
eps^-1: (+7.0755551065995294637750686718274e-01 +1.3295471246602543277661098476011e+00)
eps^0:  (-4.2212996187451923397670066134192e+00 +1.3497603019528429356249452506509e+00)
eps^1:  (-1.0542947020554690753935232203692e+00 -1.6294766090404961120777053081451e+00)
eps^2:  (-1.1157789189107746812200996728034e+01 -7.6695520479139428157791862571212e+00)
eps^3:  (+2.0525655218951881595103272688328e+01 -1.0521497103873333721578413202156e+01)
eps^4:  (-2.0330989882316085711705450350968e+01 -6.6358521213558305667320479914552e+00)

n. 11, MI[0,1,1,1,1,1,1,0,-1]
eps^-4: (0 0)
eps^-3: (-5.9779019578333894290199060132029e-02 +1.9513374252890906647656596231125e-01)
eps^-2: (+7.4451436883860163516817726977290e-01 -5.4417225473619552329107469660210e-01)
eps^-1: (+3.4224036805592520054363906099486e+00 +4.6672605375524294715347258019384e+00)
eps^0:  (-5.3223761749174788365791367708167e+00 +8.6870086469961772697979426754314e+00)
eps^1:  (-5.7898725668358045507745780497278e-01 +1.0624842827621244367912224498318e+01)
eps^2:  (+1.6922794840533184998118503177989e+01 +2.9039312018980124325295559656842e+01)
eps^3:  (+1.7627764458706959893804270326485e+02 +1.7544702768473993323321960244864e+02)
eps^4:  (+5.8317152142748765370445627251998e+02 +8.2252461695814954589238584803462e+02)

n. 12, MI[0,1,1,1,1,1,1,0,0]
eps^-4: (0 0)
eps^-3: (+4.7823215662667115432159248105623e-02 -1.5610699402312725318125276984900e-01)
eps^-2: (-5.9561149507088130813454181581832e-01 +4.3533780378895641863285975728168e-01)
eps^-1: (-1.6223957264529075504842107104017e+00 -3.3918271283721564399843534950587e+00)
eps^0:  (+5.2880265080330627931729984999153e+00 -6.1025661349770331436769913167415e+00)
eps^1:  (+1.3560130046024002002897510868957e+01 -3.4204857749748455837634940264619e+00)
eps^2:  (+1.8600483276605957236047552977640e+01 +3.3483747135581746875681754746617e+00)
eps^3:  (+1.2138030217379317544282728466776e+01 -2.2623881674595668287314574575234e+01)
eps^4:  (+3.5540690019456212457024552864183e+01 -1.7760889963864439228921574617383e+02)

n. 13, MI[0,2,0,1,1,0,1,0,0]
eps^-4: (0 0)
eps^-3: (0 0)
eps^-2: (0 0)
eps^-1: (+8.9433451187805810488467747149500e-01 +6.0470861377111478337634126539784e-01)
eps^0:  (-1.7984991923976044182818414981739e+00 +4.5286044062457478604547022442314e-01)
eps^1:  (+3.5850912909689117656996168079119e+00 +4.7274258709485069957040092971984e-01)
eps^2:  (-7.9047269707287537684925203938168e+00 +6.3863757630040594254174156156987e-02)
eps^3:  (+1.6401473674827694078793194493528e+01 +2.7158076586475510977028754795320e-01)
eps^4:  (-3.2640881722965927616483101417317e+01 +9.3214331986563539549164097244356e-02)

n. 14, MI[0,2,0,1,1,0,2,0,-1]
eps^-4: (0 0)
eps^-3: (0 0)
eps^-2: (0 0)
eps^-1: (+5.8041630007085891266256411808512e-01 +3.2371602452948572765008627966965e-01)
eps^0:  (-1.6185427112144193745421411261331e+00 +3.4554230379565521659897308949134e-01)
eps^1:  (+2.7249331377749605109818560895799e+00 -3.5033054326069370628104716343894e-02)
eps^2:  (-7.4203704430487597725390933933778e+00 -3.9789820653049087449948812504508e-01)
eps^3:  (+1.5401302626798514228770889932284e+01 -4.5842317162259474569346954528231e-01)
eps^4:  (-3.1514288986476942720087863944846e+01 -3.2346464700296507201108887362555e-01)

n. 15, MI[0,2,0,1,1,0,2,0,0]
eps^-4: (0 0)
eps^-3: (0 0)
eps^-2: (0 0)
eps^-1: (-3.1391821180719919222211335340988e-01 -2.8099258924162905572625498572820e-01)
eps^0:  (+6.7227880416309975070038220501681e-02 -4.3279045284070899831433909279736e-01)
eps^1:  (-2.1688714811774494010692581716743e-01 -3.0073082923802848688958802347107e-01)
eps^2:  (-2.1960013250461469315778645639266e-02 -9.7321012534981497959210335668928e-02)
eps^3:  (-6.8556363217424690875283316820862e-01 -2.5220783734219475618350755645443e-02)
eps^4:  (-4.2784232577850533477969564427047e-01 -6.2191969119608621155228831349687e-02)

n. 16, MI[0,2,0,1,2,0,1,0,-1]
eps^-4: (0 0)
eps^-3: (0 0)
eps^-2: (0 0)
eps^-1: (-5.8245364578402423333659939770363e-02 +8.4297776772488716717876495718459e-01)
eps^0:  (-2.8922054331364923745053992861527e+00 -1.5016343153938687990621411021331e+00)
eps^1:  (+4.2945016101865358686063634299232e+00 -7.7438585954683769305446675355675e-01)
eps^2:  (-7.4737496857877240916740063258654e+00 -1.2020085664135886345492508041517e+00)
eps^3:  (+1.7503227028687859963319233553698e+01 +7.4260635460956951413041942759382e-01)
eps^4:  (-3.3373405516553642725634598163349e+01 -1.5917944565331421238008857099112e-01)

n. 17, MI[0,2,0,1,2,0,1,0,0]
eps^-4: (0 0)
eps^-3: (0 0)
eps^-2: (0 0)
eps^-1: (+3.7216357638560161555577329318024e-01 -5.6198517848325811145250997145639e-01)
eps^0:  (+1.0363085289640661896660061226610e+00 +7.2500754069234823062379766413479e-01)
eps^1:  (-4.8061607727358209193575461640802e-01 +1.6939580753571660785311432818154e-01)
eps^2:  (+3.2552711710036202959055135568090e-01 +3.5384440475886873336765928038093e-01)
eps^3:  (-1.0082094550561055175813595978561e+00 -8.4511308613543122702041698426235e-01)
eps^4:  (+9.9830049267675990282790482056240e-01 -3.2179011695658738600525769356560e-01)

n. 18, MI[0,2,0,2,1,0,1,0,-1]
eps^-4: (0 0)
eps^-3: (0 0)
eps^-2: (0 0)
eps^-1: (-5.8245364578402423333659939770363e-02 +8.4297776772488716717876495718459e-01)
eps^0:  (-2.8922054331364923745053992861527e+00 -1.5016343153938687990621411021331e+00)
eps^1:  (+4.2945016101865358686063634299232e+00 -7.7438585954683769305446675355675e-01)
eps^2:  (-7.4737496857877240916740063258654e+00 -1.2020085664135886345492508041517e+00)
eps^3:  (+1.7503227028687859963319233553698e+01 +7.4260635460956951413041942759382e-01)
eps^4:  (-3.3373405516553642725634598163349e+01 -1.5917944565331421238008857099112e-01)

n. 19, MI[0,2,0,2,1,0,1,0,0]
eps^-4: (0 0)
eps^-3: (0 0)
eps^-2: (0 0)
eps^-1: (+3.7216357638560161555577329318024e-01 -5.6198517848325811145250997145639e-01)
eps^0:  (+1.0363085289640661896660061226610e+00 +7.2500754069234823062379766413479e-01)
eps^1:  (-4.8061607727358209193575461640802e-01 +1.6939580753571660785311432818154e-01)
eps^2:  (+3.2552711710036202959055135568090e-01 +3.5384440475886873336765928038093e-01)
eps^3:  (-1.0082094550561055175813595978561e+00 -8.4511308613543122702041698426235e-01)
eps^4:  (+9.9830049267675990282790482056240e-01 -3.2179011695658738600525769356560e-01)

n. 20, MI[1,0,1,0,0,1,2,0,0]
eps^-4: (0 0)
eps^-3: (0 0)
eps^-2: (0 0)
eps^-1: (0 0)
eps^0:  (-2.4718925435279914183414882464253e-01 -1.9765609105471018120159890725463e+00)
eps^1:  (+5.9303649188517475608114049151776e+00 +6.9293233212603686824149808862092e-01)
eps^2:  (-4.2127951380605648138953449284046e+00 -1.4843820590473735335370994469883e+00)
eps^3:  (+2.2879780731154880887663334625100e+01 +1.0033736055840687403047728945473e+00)
eps^4:  (-2.1047467025995881264851172906295e+01 -1.6284617531569312060080697535955e+00)

n. 21, MI[1,0,1,0,1,1,1,0,0]
eps^-4: (0 0)
eps^-3: (0 0)
eps^-2: (0 0)
eps^-1: (0 0)
eps^0:  (+4.9560659306861620950969588970717e-02 -3.4889551684837709558351363730458e+00)
eps^1:  (+1.0621553093003694762129882318806e+01 -2.3321689276965432236146806910817e+00)
eps^2:  (+7.7163539616919770582224713323467e+00 -6.2987478411757179397236683822191e+00)
eps^3:  (+5.3773559292094995446778904593232e+01 -6.5838100320689904876593898724403e+00)
eps^4:  (+4.7385593922225270554086809261368e+01 -1.5427198840126197190074318812405e+01)

n. 22, MI[1,1,1,1,1,0,1,0,0]
eps^-4: (0 0)
eps^-3: (0 0)
eps^-2: (-1.7886690237561162097693549429900e-01 -1.2094172275422295667526825307957e-01)
eps^-1: (+8.6846476745720231299046291064723e-01 +2.0390374592385988727040420392164e-02)
eps^0:  (-1.3221221876224013310302093003437e+00 +2.6025233454504669875136747259904e+00)
eps^1:  (-4.4466169998410569025518160260231e+00 -2.0167489902963451002694125609039e+00)
eps^2:  (-1.0868258678884775804335377393702e+00 -4.9447782168589444131870808926256e+00)
eps^3:  (+3.0848113823093769913947857226192e+00 -6.8675593716484741311028040633377e+00)
eps^4:  (+8.4109441347557122246945039416541e+00 -1.4961005770148824723453270973255e+00)

n. 23, MI[1,1,1,1,1,1,0,0,0]
eps^-4: (0 0)
eps^-3: (-8.6081788192800807777886646590121e-02 +2.8099258924162905572625498572820e-01)
eps^-2: (-1.3510568506315605822683462604648e+00 -1.0470606880958961902767047092293e+00)
eps^-1: (+4.1315523216693758105071292034361e+00 -2.7090085663031342638139013998498e+00)
eps^0:  (+2.8758598382111925619887518922428e+00 +8.2474351029751035775353863898983e+00)
eps^1:  (-9.1700390357496032097926852441469e+00 +2.4084460165693176846964562219802e+00)
eps^2:  (-4.1123761242910257806368266532963e+00 -5.3209454565816345789098470739197e+00)
eps^3:  (+1.4674513554523408406590855326494e+00 -7.3186247700707106973745300056011e+00)
eps^4:  (+6.7278457388142699278963936945903e+00 +1.3225839524492337322221168168130e+00)

n. 24, MI[1,1,1,1,1,1,1,-1,-1]
eps^-4: (0 0)
eps^-3: (+1.0760223524100100972235830823765e-01 -3.5124073655203631965781873216024e-01)
eps^-2: (+1.8157221917191028834026090297678e+00 +1.3053352240605697452954788239822e+00)
eps^-1: (-3.8775917280303120383824828918994e+00 +4.3346415659229965746100019770282e+00)
eps^0:  (+4.4256348835003182153980559029234e-01 -7.1508839179712307920163822532611e+00)
eps^1:  (+3.0185068970136029318066497023745e+01 +2.2449161071292914000611417626651e+01)
eps^2:  (+3.2465852858345651623421022518505e+01 +9.1381377056183831188565435476187e+01)
eps^3:  (+1.5349190812192991848390655732589e+02 +3.1649048111859257381865543377788e+02)
eps^4:  (+5.3246017099465265124310031344380e+02 +1.1913917273757156555762386701159e+03)

n. 25, MI[1,1,1,1,1,1,1,0,-1]
eps^-4: (0 0)
eps^-3: (-7.1734823494000673148238872158434e-02 +2.3416049103469087977187915477350e-01)
eps^-2: (-5.0918189322860507188944421643207e-01 -7.9781789036584254055886491152183e-01)
eps^-1: (+3.0824029556303634482393776586528e+00 -5.4273856369225521642884907173174e-03)
eps^0:  (-2.1851494429907555672038733854473e+00 +6.9722064027921092240954996156032e+00)
eps^1:  (-1.3610988547698469846905885515056e+01 -3.2242947359238180714787899886389e+00)
eps^2:  (-1.0078507330955150270952899486047e+01 -2.2578162935865281414068897177929e+01)
eps^3:  (+1.2846297759847585129271588497553e+00 -5.1410915499982464501942709681824e+01)
eps^4:  (+6.5065277575845008250796671854980e+00 -1.3109071960332128218675981097710e+02)

n. 26, MI[1,1,1,1,1,1,1,0,0]
eps^-4: (0 0)
eps^-3: (+5.7387858795200538518591097726747e-02 -1.8732839282775270381750332381880e-01)
eps^-2: (+3.0582461183916233305781440979621e-01 +6.4104682114011442648741357926095e-01)
eps^-1: (-1.8797069611410861487547311294596e+00 -1.1411329281053024362155545533779e-01)
eps^0:  (+2.1919401112536160172044047230510e+00 -4.1757043874672368768154429186218e+00)
eps^1:  (+1.3440317763466145928303883151928e+01 +3.2206791081950747947113575734646e+00)
eps^2:  (+2.3620580830823236627172844989507e+01 +2.7575102498699913616047722892206e+01)
eps^3:  (+5.5008247356353298915099691824710e+01 +8.6556161705020934477840532707725e+01)
eps^4:  (+2.0592780056542282202672016838459e+02 +2.9799521894819505459808099622943e+02)

n. 27, MI[0,1,0,1,1,1,2,0,0]
eps^-4: (0 0)
eps^-3: (0 0)
eps^-2: (0 0)
eps^-1: (+2.7922529244590470214067660044960e-01 -9.1146152459560122345365200075733e-01)
eps^0:  (+1.7753909922140626840822179491023e+00 +6.5066275949180107143887631895645e-01)
eps^1:  (-7.6922682220496003884422355248001e-02 +1.0811692919315449307174964783545e+00)
eps^2:  (+1.7566907270796762118934630257804e-01 +2.2820205852224851044232488769224e+00)
eps^3:  (-3.3451239280943171306688122443180e+00 +1.6867446886416612284569516504132e+00)
eps^4:  (-3.7346348012681643260888642093454e+00 +2.5378034963356525926540654595356e+00)

n. 28, MI[1,1,1,0,0,1,2,0,0]
eps^-4: (0 0)
eps^-3: (0 0)
eps^-2: (-1.2974883459461260223296419694859e-01 0)
eps^-1: (+6.2223390384540985396831986221679e-01 -4.0761798557427216989860213938575e-01)
eps^0:  (+1.1762349469983493340144123549059e+00 +9.4702107190350258485909855990254e-01)
eps^1:  (+3.7488678434800526633952358519029e+00 -5.1273353438332180245152972961376e-01)
eps^2:  (+1.7313742543442245368362128478648e+01 +9.0245418305609742776517127765104e-01)
eps^3:  (+6.7182979373340653677093396564151e+01 -5.7809581990943419642045999879007e-01)
eps^4:  (+2.7328498508584849797462144719077e+02 +1.0247226278743497910617856422414e+00)

n. 29, MI[1,1,1,0,0,1,2,-1,0]
eps^-4: (0 0)
eps^-3: (0 0)
eps^-2: (+2.9193487783787835502416944313433e-01 0)
eps^-1: (-3.4603305640883998624932917373626e-01 +9.1714046754211238227185481361794e-01)
eps^0:  (-1.4259808084977742716787189393826e+00 -2.2112006358338739137744148924009e+00)
eps^1:  (+4.5272550193217755088289126450692e+00 +1.4503908516438860989409008962922e+00)
eps^2:  (-7.9439173985705555225812673394121e+00 -1.8648072178993081246793903090187e+00)
eps^3:  (+1.7392405533525825459278826140322e+01 +1.7751983606008746695102958117343e+00)
eps^4:  (-3.3302864409290699629765770495421e+01 -2.0386281235360119770422027114375e+00)

n. 30, MI[0,0,0,0,2,0,2,0,0]
eps^-4: (0 0)
eps^-3: (0 0)
eps^-2: (+1.0000000000000000000000000000000e+00 0)
eps^-1: (-1.1544313298030657212130241801648e+00 0)
eps^0:  (+2.3112899144636637851091674393565e+00 0)
eps^1:  (-2.9567553800979386922418768113639e+00 0)
eps^2:  (+3.9893102121315218528447893593801e+00 0)
eps^3:  (-4.8924230402605264307132041777190e+00 0)
eps^4:  (+5.8854304761519303518453150012476e+00 0)

n. 31, MI[0,0,0,1,1,1,2,0,0]
eps^-4: (0 0)
eps^-3: (0 0)
eps^-2: (-4.3040894096400403888943323295061e-01 +1.4049629462081452786312749286410e+00)
eps^-1: (-3.0341794502225004592867279373188e+00 -1.6219332423151022463095975008701e+00)
eps^0:  (+1.3006780720732724011605837567064e+00 -1.3748661379884196527469514302453e+00)
eps^1:  (-1.2604581322001718336120927784513e+00 -2.1958760775096478237463672262517e+00)
eps^2:  (+3.9428434720078436462780447879922e+00 +3.4165707255978996546975676304035e-01)
eps^3:  (-2.4753858088001339539537390957850e+00 -3.9831923184518328495829797937636e-01)
eps^4:  (+3.9388747387818404545479263911394e+00 +1.0808549141042910116792845653357e+00)

n. 32, MI[1,1,1,0,0,0,2,0,0]
eps^-4: (0 0)
eps^-3: (+2.0000000000000000000000000000000e-01 0)
eps^-2: (-5.5277384844743321916275670267820e-01 +6.2831853071795864769252867665590e-01)
eps^-1: (-2.2306312129047118998483608182565e-01 -1.7365902613790139362431253429133e+00)
eps^0:  (+1.3829618208002299490901911018649e+00 +1.3663116488870347216464003695951e+00)
eps^1:  (-1.3491427689909500325818492161472e+00 -1.3684502657772453407423099893253e+00)
eps^2:  (+2.1432132279406416471179433739572e+00 +1.6166156306005362288167977012602e+00)
eps^3:  (-2.5450883051727609173018634196795e+00 -1.5280219646082243724150781441938e+00)
eps^4:  (+3.1680645970296484347018194264082e+00 +1.5588342053258386892718913747224e+00)

n. 33, MI[0,1,0,0,0,2,2,0,0]
eps^-4: (0 0)
eps^-3: (0 0)
eps^-2: (0 0)
eps^-1: (+6.4874417297306301116482098474296e-01 0)
eps^0:  (-1.0090639022154587489271287701208e+00 0)
eps^1:  (+3.4657755039045904988059483516721e+00 0)
eps^2:  (-6.8842702221731601671578193537276e+00 0)
eps^3:  (+1.5438454017981269148254394713631e+01 0)
eps^4:  (-3.1749542541700442732622827564896e+01 0)

n. 34, MI[0,2,0,0,0,2,1,0,0]
eps^-4: (0 0)
eps^-3: (0 0)
eps^-2: (-4.4444444444444444444444444444444e-01 0)
eps^-1: (+6.5724596279537654524241541001613e-01 0)
eps^0:  (-1.8335964429989502131401955154415e+00 0)
eps^1:  (+4.0470431166035323768304334436269e+00 0)
eps^2:  (-7.6729594061172129021817584601940e+00 0)
eps^3:  (+1.7042414035337354561047338007297e+01 0)
eps^4:  (-3.2335428875971979211059756952734e+01 0)

n. 35, MI[0,0,1,0,0,2,2,0,0]
eps^-4: (0 0)
eps^-3: (0 0)
eps^-2: (-2.5000000000000000000000000000000e-01 0)
eps^-1: (+2.8860783245076643030325604504120e-01 0)
eps^0:  (-2.2227565454641423827497070264852e+00 0)
eps^1:  (+2.3403846093525915135212108428148e-01 0)
eps^2:  (-1.9341034512648124566824418386004e+01 0)
eps^3:  (-3.2626178969664612505817148121305e+01 0)
eps^4:  (-2.2412570076277660818122035166035e+02 0)

n. 36, MI[1,0,1,1,1,1,1,0,0]
eps^-4: (0 0)
eps^-3: (0 0)
eps^-2: (0 0)
eps^-1: (+1.6289525320047496298362201544920e+00 +1.4659307828545621284955566825218e+00)
eps^0:  (-1.9265745438314776130592764091901e+00 +8.5637896294708212676447696359366e+00)
eps^1:  (-3.0868976764374753838754187198057e+00 +9.4805825446827911163729553193075e+00)
eps^2:  (+3.4022770638019322951257372791840e+01 +5.0547331038365244082999431007108e+01)
eps^3:  (+1.4238225955306736102265522273822e+02 +2.5836224649304874578963293432693e+02)
eps^4:  (+5.3196078310787454405010084829670e+02 +1.0821356038585921515970323547559e+03)

n. 37, MI[1,0,1,0,0,1,3,0,0]
eps^-4: (0 0)
eps^-3: (0 0)
eps^-2: (0 0)
eps^-1: (0 0)
eps^0:  (-3.1457943923578881624897800166051e-01 +6.7608478348593905459590317807734e-01)
eps^1:  (-2.6471475178259463523811130183140e+00 +4.0647733749000868507348235307160e-01)
eps^2:  (-6.2949190732358962424679829323265e+00 +2.4282414948185981258190341349123e-01)
eps^3:  (-2.3031956217040897311473445211896e+01 +1.4892994080772458722267376057261e-01)
eps^4:  (-8.2358470306753524047298538820870e+01 +2.0878682364357337459726548505238e-01)

n. 38, MI[0,1,0,0,1,1,2,0,0]
eps^-4: (0 0)
eps^-3: (0 0)
eps^-2: (0 0)
eps^-1: (0 0)
eps^0:  (-2.0491879741731255621425282301772e+00 0)
eps^1:  (+3.4060369082593111560700150274248e-01 0)
eps^2:  (-1.2128087588032638020809576662116e+01 0)
eps^3:  (+3.6578898307333780777859726766248e+00 0)
eps^4:  (-5.3587166548281499540686387760093e+01 0)

n. 39, MI[1,0,1,0,0,2,1,0,0]
eps^-4: (0 0)
eps^-3: (0 0)
eps^-2: (0 0)
eps^-1: (-6.2915887847157763249795600332101e-01 +1.3521695669718781091918063561547e+00)
eps^0:  (-5.5414842900046918465963748612705e+00 -1.1636062355670844418690243664031e+00)
eps^1:  (-6.6594732276200449241245609494755e+00 +1.1785806310897564934053049156034e+00)
eps^2:  (-5.0276707572142359436842235352196e+01 -1.1865221774319243590917519258430e+00)
eps^3:  (-1.4183715988235216720693374301664e+02 +1.4209472528712154894993038646521e+00)
eps^4:  (-6.6062166672339788610093629313997e+02 -1.1570488267221649464912581135204e+00)

n. 40, MI[1,0,1,0,0,2,2,-1,0]
eps^-4: (0 0)
eps^-3: (0 0)
eps^-2: (0 0)
eps^-1: (-6.2915887847157763249795600332101e-01 +1.3521695669718781091918063561547e+00)
eps^0:  (-7.0469913013006462534264356925550e+00 -4.3582801217043003550140072664008e-01)
eps^1:  (-1.1812076888777681056505905756839e+01 -4.5569950791837552209124572858192e-01)
eps^2:  (-6.7808449165443014098986702179551e+01 -3.1374297429978490581824154162453e-01)
eps^3:  (-2.1951079429548200519295487909593e+02 +5.1276503591435511620572907513359e-02)
eps^4:  (-9.6534345351409810177965495207954e+02 +5.6383925863334826499279862188272e-02)

n. 41, MI[1,0,2,0,0,1,2,-1,0]
eps^-4: (0 0)
eps^-3: (0 0)
eps^-2: (0 0)
eps^-1: (0 0)
eps^0:  (+6.2915887847157763249795600332101e-01 -1.3521695669718781091918063561547e+00)
eps^1:  (+5.7886735443574909884305236859130e+00 +3.1401671461141862538850134389494e+00)
eps^2:  (+7.2910830876829736331315603429788e-01 -1.8715129632157933616468030042243e+00)
eps^3:  (+5.4489502710202924250737580280600e+01 +2.6709042364792978926288513728313e+00)
eps^4:  (+1.1895737915119728631927040839154e+02 -2.4243208584552842298040767591994e+00)

n. 42, MI[1,0,2,0,0,2,1,-1,0]
eps^-4: (0 0)
eps^-3: (0 0)
eps^-2: (+1.0000000000000000000000000000000e-01 0)
eps^-1: (-4.3733071546712664704145428466172e-01 +6.2831853071795864769252867665590e-01)
eps^0:  (-1.1821235134477499358611848252496e+00 -2.7478299258013864726409968733181e+00)
eps^1:  (+4.4934945850280765161803093810422e+00 +2.2558990502584805413468723566915e+00)
eps^2:  (-1.2497300673579276325238994665618e+01 -2.4050108472292875769626364508876e+00)
eps^3:  (+1.5469074502928857482033880994539e+00 +2.4533730929235678382597702199344e+00)
eps^4:  (-1.0736975945841986413494089957010e+02 -2.7649743338796936778030530133520e+00)

n. 43, MI[2,0,1,0,0,1,2,-1,0]
eps^-4: (0 0)
eps^-3: (0 0)
eps^-2: (0 0)
eps^-1: (0 0)
eps^0:  (+6.2915887847157763249795600332101e-01 -1.3521695669718781091918063561547e+00)
eps^1:  (+5.7886735443574909884305236859130e+00 +3.1401671461141862538850134389494e+00)
eps^2:  (+7.2910830876829736331315603429788e-01 -1.8715129632157933616468030042243e+00)
eps^3:  (+5.4489502710202924250737580280600e+01 +2.6709042364792978926288513728313e+00)
eps^4:  (+1.1895737915119728631927040839154e+02 -2.4243208584552842298040767591994e+00)

n. 44, MI[2,0,1,0,0,2,1,-1,0]
eps^-4: (0 0)
eps^-3: (0 0)
eps^-2: (+1.0000000000000000000000000000000e-01 0)
eps^-1: (-4.3733071546712664704145428466172e-01 +6.2831853071795864769252867665590e-01)
eps^0:  (-1.1821235134477499358611848252496e+00 -2.7478299258013864726409968733181e+00)
eps^1:  (+4.4934945850280765161803093810422e+00 +2.2558990502584805413468723566915e+00)
eps^2:  (-1.2497300673579276325238994665618e+01 -2.4050108472292875769626364508876e+00)
eps^3:  (+1.5469074502928857482033880994539e+00 +2.4533730929235678382597702199344e+00)
eps^4:  (-1.0736975945841986413494089957010e+02 -2.7649743338796936778030530133520e+00)

n. 45, MI[0,1,1,0,1,1,1,0,0]
eps^-4: (0 0)
eps^-3: (0 0)
eps^-2: (0 0)
eps^-1: (+1.8285662273349580660399386309803e+00 0)
eps^0:  (+3.7537503507729765647535082507701e+00 0)
eps^1:  (+2.5105516376669435776359281409899e+01 0)
eps^2:  (+7.8314369104394609074620900218837e+01 0)
eps^3:  (+3.5887075589636435566631229468506e+02 0)
eps^4:  (+1.3367013978893429984121822356623e+03 0)

n. 46, MI[1,1,1,0,1,1,1,-1,0]
eps^-4: (0 0)
eps^-3: (0 0)
eps^-2: (+5.2699661362166609258969525812576e-01 0)
eps^-1: (-1.1542897668577383036143343267991e-01 +1.6115285013090950673491185990084e+00)
eps^0:  (-2.0604355839412272148811772958712e+00 -2.2741640381859240623822964318550e+00)
eps^1:  (+5.5366955061154476058993254633380e+00 +8.5112420562485301843230505401831e-01)
eps^2:  (-6.2361511685608764703929970507634e+00 -2.7417486130678548577540718324631e+00)
eps^3:  (+2.3221754067585000095301601361227e+01 +1.3218800563598488902971640687553e+00)
eps^4:  (-2.4400197502400113657434446104316e+01 -1.5601775951606312881690109052788e+00)

n. 47, MI[1,1,1,0,1,1,1,0,0]
eps^-4: (0 0)
eps^-3: (0 0)
eps^-2: (-2.3422071716518493003986455916701e-01 0)
eps^-1: (+1.0017567405881576774146013955653e+00 -4.6450640724706899100995895081603e-01)
eps^0:  (+2.9436518629186870679117966553358e+00 +2.8656255253171492244030732525846e+00)
eps^1:  (+8.0323328550501442199040598848400e+00 +8.3593034452306525591473653703673e+00)
eps^2:  (+3.0596100319926629410851177055074e+01 +3.3923545657825207818278679416375e+01)
eps^3:  (+1.1942126503560109244591752577957e+02 +1.2294026803603532703662775941117e+02)
eps^4:  (+4.9172408431138764160895833735906e+02 +4.8295733572470652727179889543678e+02)

