n. 0, MI[0,0,1,1,0,1,2,0,0]
eps^-4: (0 0)
eps^-3: (0 0)
eps^-2: (0 0)
eps^-1: (0 0)
eps^0:  (-5.3981744528376593272055276142882e+00 -2.6027199404503646255792566139395e+00)
eps^1:  (-1.3093609787635492644345600211450e+01 -2.0394689978537799453812654610878e+01)
eps^2:  (-5.4637221947722638676068263906035e+01 -9.2724894740331668029581278419399e+01)
eps^3:  (-1.4286421830566759300745464700850e+02 -3.5762695569640228399942816089520e+02)
eps^4:  (-6.4841464676599900885951069247535e+02 -1.3718213888236327527848905368682e+03)

n. 1, MI[0,0,1,2,0,0,2,0,0]
eps^-4: (0 0)
eps^-3: (0 0)
eps^-2: (0 0)
eps^-1: (0 0)
eps^0:  (-1.7886690237561162097693549429900e+00 -1.2094172275422295667526825307957e+00)
eps^1:  (+4.1186571881338793332530411105187e+00 -4.4560195568292866073856986933905e+00)
eps^2:  (+3.8075611336049407837630966474866e+00 -4.1189949951369908308408667191655e+00)
eps^3:  (+3.3354364831694119970819189608602e+01 +9.0100311725324059996729805302119e+00)
eps^4:  (-1.9161483644429550100213540864114e+01 +3.1800067997952684180283679232387e+01)

n. 2, MI[0,0,2,1,0,0,2,0,0]
eps^-4: (0 0)
eps^-3: (0 0)
eps^-2: (0 0)
eps^-1: (-4.3040894096400403888943323295061e-01 +1.4049629462081452786312749286410e+00)
eps^0:  (-9.1384013819753510761962717432595e+00 -3.2784252597364880588153759245938e+00)
eps^1:  (+1.5116496556142327450484060698371e+00 -2.6353761361426434023744641274899e+01)
eps^2:  (+4.2055921285850794679716022397638e+01 -3.9199770191418381699074289800635e+01)
eps^3:  (+1.3459230188680271824822493258555e+02 +2.6164126120552886308339236510614e+01)
eps^4:  (+6.8781402069964091189855186943849e+01 +1.7159454385816289039639110306115e+02)

n. 3, MI[0,0,2,2,0,0,1,0,0]
eps^-4: (0 0)
eps^-3: (0 0)
eps^-2: (0 0)
eps^-1: (-4.3040894096400403888943323295061e-01 +1.4049629462081452786312749286410e+00)
eps^0:  (-9.1384013819753510761962717432595e+00 -3.2784252597364880588153759245938e+00)
eps^1:  (+1.5116496556142327450484060698371e+00 -2.6353761361426434023744641274899e+01)
eps^2:  (+4.2055921285850794679716022397638e+01 -3.9199770191418381699074289800635e+01)
eps^3:  (+1.3459230188680271824822493258555e+02 +2.6164126120552886308339236510614e+01)
eps^4:  (+6.8781402069964091189855186943849e+01 +1.7159454385816289039639110306115e+02)

n. 4, MI[0,1,0,1,1,0,2,0,0]
eps^-4: (0 0)
eps^-3: (0 0)
eps^-2: (0 0)
eps^-1: (0 0)
eps^0:  (-1.6759404229892411410996927914510e+00 -8.8394491153044013788484057293013e-01)
eps^1:  (+2.9537273797190025219528480951831e+00 -1.1127656934320411553998580714389e+00)
eps^2:  (-6.6638660410073680661300279697455e+00 -1.3099261258152513699352538049728e+00)
eps^3:  (+1.5494846525602574595715569394598e+01 -8.3251066901321156835375464990404e-01)
eps^4:  (-3.1248512287387897926411455870315e+01 -8.9764854159943020994559923542663e-01)

n. 5, MI[0,1,0,1,2,0,2,0,-1]
eps^-4: (0 0)
eps^-3: (0 0)
eps^-2: (0 0)
eps^-1: (0 0)
eps^0:  (-4.1538846145577856368443349565252e-01 -1.4329546224818076896292304772597e+00)
eps^1:  (+5.3533228758478580754511670834629e+00 +1.1583899974802200650594609717984e+00)
eps^2:  (-6.2201309221627522788222112674133e+00 +1.5230705746507016976336495174364e+00)
eps^3:  (+1.5494719517351681193307586436029e+01 +2.8157880706285588627511751611620e+00)
eps^4:  (-3.2978637229238736883073368002908e+01 +9.4222199899848901251502617907990e-01)

n. 6, MI[0,1,0,1,2,0,2,0,0]
eps^-4: (0 0)
eps^-3: (0 0)
eps^-2: (0 0)
eps^-1: (0 0)
eps^0:  (-4.7894605042227954120024397584248e-01 +8.2824600871069290625288921186186e-01)
eps^1:  (-1.8788832604610125160696327938381e+00 -7.2730552657435471322009062329137e-01)
eps^2:  (-3.1868774852516200883025363568169e-01 -8.8304746831351124180419237571731e-01)
eps^3:  (-9.2612650561555935868503807246711e-01 -1.5697257024433480870700955123462e+00)
eps^4:  (+1.0823170288084682085646041147817e+00 -3.8129209585003255393155907712906e-01)

n. 7, MI[0,1,0,2,1,0,2,0,-1]
eps^-4: (0 0)
eps^-3: (0 0)
eps^-2: (0 0)
eps^-1: (0 0)
eps^0:  (-4.1538846145577856368443349565252e-01 -1.4329546224818076896292304772597e+00)
eps^1:  (+5.3533228758478580754511670834629e+00 +1.1583899974802200650594609717984e+00)
eps^2:  (-6.2201309221627522788222112674133e+00 +1.5230705746507016976336495174364e+00)
eps^3:  (+1.5494719517351681193307586436029e+01 +2.8157880706285588627511751611620e+00)
eps^4:  (-3.2978637229238736883073368002908e+01 +9.4222199899848901251502617907990e-01)

n. 8, MI[0,1,0,2,1,0,2,0,0]
eps^-4: (0 0)
eps^-3: (0 0)
eps^-2: (0 0)
eps^-1: (0 0)
eps^0:  (-4.7894605042227954120024397584248e-01 +8.2824600871069290625288921186186e-01)
eps^1:  (-1.8788832604610125160696327938381e+00 -7.2730552657435471322009062329137e-01)
eps^2:  (-3.1868774852516200883025363568169e-01 -8.8304746831351124180419237571731e-01)
eps^3:  (-9.2612650561555935868503807246711e-01 -1.5697257024433480870700955123462e+00)
eps^4:  (+1.0823170288084682085646041147817e+00 -3.8129209585003255393155907712906e-01)

n. 9, MI[0,1,1,1,0,1,1,0,0]
eps^-4: (0 0)
eps^-3: (0 0)
eps^-2: (0 0)
eps^-1: (+2.8058479100048837909513894777194e+00 +1.1946102970730749279321204442900e+00)
eps^0:  (+5.9284731437820501002145701733219e+00 +9.0758937349513638506929777994256e+00)
eps^1:  (+2.4088183921084381231743798708197e+01 +3.9678023854718569239048705412281e+01)
eps^2:  (+5.5878345559053097909759775920085e+01 +1.4755111436547575689845452578367e+02)
eps^3:  (+2.6161313764777771676043855652329e+02 +5.5399249746363184568458489666504e+02)
eps^4:  (+9.7474058088595921925775819896353e+02 +2.1652867762228362232399792037615e+03)

n. 10, MI[0,1,1,1,1,0,1,0,0]
eps^-4: (0 0)
eps^-3: (0 0)
eps^-2: (0 0)
eps^-1: (+7.0755551065995294637750686718274e-01 +1.3295471246602543277661098476011e+00)
eps^0:  (-4.2212996187451923397670066134192e+00 +1.3497603019528429356249452506509e+00)
eps^1:  (-1.0542947020554690753935232203692e+00 -1.6294766090404961120777053081451e+00)
eps^2:  (-1.1157789189107746812200996728034e+01 -7.6695520479139428157791862571212e+00)
eps^3:  (+2.0525655218951881595103272688328e+01 -1.0521497103873333721578413202156e+01)
eps^4:  (-2.0330989882316085711705450350968e+01 -6.6358521213558305667320479914552e+00)

n. 11, MI[0,1,1,1,1,1,1,0,-1]
eps^-4: (0 0)
eps^-3: (-6.4561341144600605833414984942591e-02 +2.1074444193122179179469123929615e-01)
eps^-2: (+8.3128438312391359617107184381362e-01 -6.7652260741066860236468442509392e-01)
eps^-1: (+4.0211651767415321325154898403691e+00 +4.7656138266604703433161728930932e+00)
eps^0:  (-4.2616535033932016893661346003891e+00 +9.5122452448594207469661191250953e+00)
eps^1:  (+1.6726114299824404348863444674917e+00 +1.3095463720861857569544864900157e+01)
eps^2:  (+2.3886164272387261789090816855468e+01 +3.4963286402840354532529915434457e+01)
eps^3:  (+2.0607812934155600403692298449129e+02 +1.9359064902773703726913691422313e+02)
eps^4:  (+7.0744304220516940314870255568752e+02 +8.9036967901095999479107649877625e+02)

n. 12, MI[0,1,1,1,1,1,1,0,0]
eps^-4: (0 0)
eps^-3: (+4.3040894096400403888943323295061e-02 -1.4049629462081452786312749286410e-01)
eps^-2: (-5.5418958874927573078071456254241e-01 +4.5101507160711240157645628339594e-01)
eps^-1: (-1.2575064515796566564465452169715e+00 -3.1418260639204118396520862680409e+00)
eps^0:  (+6.4807693870725657579829212606235e+00 -4.6200772907429054504313277199907e+00)
eps^1:  (+1.7227974823234234029964128421963e+01 +2.3061198557424449864701234594853e+00)
eps^2:  (+3.2431816716577560421341130467629e+01 +2.3997015674638971659137628162296e+01)
eps^3:  (+6.9387379848248517770742118283420e+01 +5.5632240747710000469141965324882e+01)
eps^4:  (+2.7140929830740469178379040188666e+02 +1.3077415763610229690207483488751e+02)

n. 13, MI[0,2,0,1,1,0,1,0,0]
eps^-4: (0 0)
eps^-3: (0 0)
eps^-2: (0 0)
eps^-1: (+8.9433451187805810488467747149500e-01 +6.0470861377111478337634126539784e-01)
eps^0:  (-1.7984991923976044182818414981739e+00 +4.5286044062457478604547022442314e-01)
eps^1:  (+3.5850912909689117656996168079119e+00 +4.7274258709485069957040092971984e-01)
eps^2:  (-7.9047269707287537684925203938168e+00 +6.3863757630040594254174156156987e-02)
eps^3:  (+1.6401473674827694078793194493528e+01 +2.7158076586475510977028754795320e-01)
eps^4:  (-3.2640881722965927616483101417317e+01 +9.3214331986563539549164097244356e-02)

n. 14, MI[0,2,0,1,1,0,2,0,-1]
eps^-4: (0 0)
eps^-3: (0 0)
eps^-2: (0 0)
eps^-1: (+5.8041630007085891266256411808512e-01 +3.2371602452948572765008627966965e-01)
eps^0:  (-1.6185427112144193745421411261331e+00 +3.4554230379565521659897308949134e-01)
eps^1:  (+2.7249331377749605109818560895799e+00 -3.5033054326069370628104716343894e-02)
eps^2:  (-7.4203704430487597725390933933778e+00 -3.9789820653049087449948812504508e-01)
eps^3:  (+1.5401302626798514228770889932284e+01 -4.5842317162259474569346954528231e-01)
eps^4:  (-3.1514288986476942720087863944846e+01 -3.2346464700296507201108887362555e-01)

n. 15, MI[0,2,0,1,1,0,2,0,0]
eps^-4: (0 0)
eps^-3: (0 0)
eps^-2: (0 0)
eps^-1: (-3.1391821180719919222211335340988e-01 -2.8099258924162905572625498572820e-01)
eps^0:  (+6.7227880416309975070038220501681e-02 -4.3279045284070899831433909279736e-01)
eps^1:  (-2.1688714811774494010692581716743e-01 -3.0073082923802848688958802347107e-01)
eps^2:  (-2.1960013250461469315778645639266e-02 -9.7321012534981497959210335668928e-02)
eps^3:  (-6.8556363217424690875283316820862e-01 -2.5220783734219475618350755645443e-02)
eps^4:  (-4.2784232577850533477969564427047e-01 -6.2191969119608621155228831349687e-02)

n. 16, MI[0,2,0,1,2,0,1,0,-1]
eps^-4: (0 0)
eps^-3: (0 0)
eps^-2: (0 0)
eps^-1: (-5.8245364578402423333659939770363e-02 +8.4297776772488716717876495718459e-01)
eps^0:  (-2.8922054331364923745053992861527e+00 -1.5016343153938687990621411021331e+00)
eps^1:  (+4.2945016101865358686063634299232e+00 -7.7438585954683769305446675355675e-01)
eps^2:  (-7.4737496857877240916740063258654e+00 -1.2020085664135886345492508041517e+00)
eps^3:  (+1.7503227028687859963319233553698e+01 +7.4260635460956951413041942759382e-01)
eps^4:  (-3.3373405516553642725634598163349e+01 -1.5917944565331421238008857099112e-01)

n. 17, MI[0,2,0,1,2,0,1,0,0]
eps^-4: (0 0)
eps^-3: (0 0)
eps^-2: (0 0)
eps^-1: (+3.7216357638560161555577329318024e-01 -5.6198517848325811145250997145639e-01)
eps^0:  (+1.0363085289640661896660061226610e+00 +7.2500754069234823062379766413479e-01)
eps^1:  (-4.8061607727358209193575461640802e-01 +1.6939580753571660785311432818154e-01)
eps^2:  (+3.2552711710036202959055135568090e-01 +3.5384440475886873336765928038093e-01)
eps^3:  (-1.0082094550561055175813595978561e+00 -8.4511308613543122702041698426235e-01)
eps^4:  (+9.9830049267675990282790482056240e-01 -3.2179011695658738600525769356560e-01)

n. 18, MI[0,2,0,2,1,0,1,0,-1]
eps^-4: (0 0)
eps^-3: (0 0)
eps^-2: (0 0)
eps^-1: (-5.8245364578402423333659939770363e-02 +8.4297776772488716717876495718459e-01)
eps^0:  (-2.8922054331364923745053992861527e+00 -1.5016343153938687990621411021331e+00)
eps^1:  (+4.2945016101865358686063634299232e+00 -7.7438585954683769305446675355675e-01)
eps^2:  (-7.4737496857877240916740063258654e+00 -1.2020085664135886345492508041517e+00)
eps^3:  (+1.7503227028687859963319233553698e+01 +7.4260635460956951413041942759382e-01)
eps^4:  (-3.3373405516553642725634598163349e+01 -1.5917944565331421238008857099112e-01)

n. 19, MI[0,2,0,2,1,0,1,0,0]
eps^-4: (0 0)
eps^-3: (0 0)
eps^-2: (0 0)
eps^-1: (+3.7216357638560161555577329318024e-01 -5.6198517848325811145250997145639e-01)
eps^0:  (+1.0363085289640661896660061226610e+00 +7.2500754069234823062379766413479e-01)
eps^1:  (-4.8061607727358209193575461640802e-01 +1.6939580753571660785311432818154e-01)
eps^2:  (+3.2552711710036202959055135568090e-01 +3.5384440475886873336765928038093e-01)
eps^3:  (-1.0082094550561055175813595978561e+00 -8.4511308613543122702041698426235e-01)
eps^4:  (+9.9830049267675990282790482056240e-01 -3.2179011695658738600525769356560e-01)

n. 20, MI[1,0,1,0,0,1,2,0,0]
eps^-4: (0 0)
eps^-3: (0 0)
eps^-2: (0 0)
eps^-1: (0 0)
eps^0:  (-2.4718925435279914183414882464253e-01 -1.9765609105471018120159890725463e+00)
eps^1:  (+5.9303649188517475608114049151776e+00 +6.9293233212603686824149808862092e-01)
eps^2:  (-4.2127951380605648138953449284046e+00 -1.4843820590473735335370994469883e+00)
eps^3:  (+2.2879780731154880887663334625100e+01 +1.0033736055840687403047728945473e+00)
eps^4:  (-2.1047467025995881264851172906295e+01 -1.6284617531569312060080697535955e+00)

n. 21, MI[1,0,1,0,1,1,1,0,0]
eps^-4: (0 0)
eps^-3: (0 0)
eps^-2: (0 0)
eps^-1: (0 0)
eps^0:  (+4.9560659306861620950969588970717e-02 -3.4889551684837709558351363730458e+00)
eps^1:  (+1.0621553093003694762129882318806e+01 -2.3321689276965432236146806910817e+00)
eps^2:  (+7.7163539616919770582224713323467e+00 -6.2987478411757179397236683822191e+00)
eps^3:  (+5.3773559292094995446778904593232e+01 -6.5838100320689904876593898724403e+00)
eps^4:  (+4.7385593922225270554086809261368e+01 -1.5427198840126197190074318812405e+01)

n. 22, MI[1,1,1,1,1,0,1,0,0]
eps^-4: (0 0)
eps^-3: (0 0)
eps^-2: (-1.7886690237561162097693549429900e-01 -1.2094172275422295667526825307957e-01)
eps^-1: (+8.6846476745720231299046291064723e-01 +2.0390374592385988727040420392164e-02)
eps^0:  (-1.3221221876224013310302093003437e+00 +2.6025233454504669875136747259904e+00)
eps^1:  (-4.4466169998410569025518160260231e+00 -2.0167489902963451002694125609039e+00)
eps^2:  (-1.0868258678884775804335377393702e+00 -4.9447782168589444131870808926256e+00)
eps^3:  (+3.0848113823093769913947857226192e+00 -6.8675593716484741311028040633377e+00)
eps^4:  (+8.4109441347557122246945039416541e+00 -1.4961005770148824723453270973255e+00)

n. 23, MI[1,1,1,1,1,1,0,0,0]
eps^-4: (0 0)
eps^-3: (-8.6081788192800807777886646590121e-02 +2.8099258924162905572625498572820e-01)
eps^-2: (-1.3510568506315605822683462604648e+00 -1.0470606880958961902767047092293e+00)
eps^-1: (+4.1315523216693758105071292034361e+00 -2.7090085663031342638139013998498e+00)
eps^0:  (+2.8758598382111925619887518922428e+00 +8.2474351029751035775353863898983e+00)
eps^1:  (-9.1700390357496032097926852441469e+00 +2.4084460165693176846964562219802e+00)
eps^2:  (-4.1123761242910257806368266532963e+00 -5.3209454565816345789098470739197e+00)
eps^3:  (+1.4674513554523408406590855326494e+00 -7.3186247700707106973745300056011e+00)
eps^4:  (+6.7278457388142699278963936945903e+00 +1.3225839524492337322221168168130e+00)

n. 24, MI[1,1,1,1,1,1,1,-1,-1]
eps^-4: (0 0)
eps^-3: (+1.2912268228920121166682996988518e-01 -4.2148888386244358358938247859229e-01)
eps^-2: (+2.1716256475624755824293225231899e+00 +1.5078893478874921680577724994471e+00)
eps^-1: (-4.4342097851421755151883493843153e+00 +5.1771096867072620167003283813718e+00)
eps^0:  (-4.8407671596630675837462487781393e-01 -8.2021904042528298313559246540162e+00)
eps^1:  (+3.2925837348549160227771353432014e+01 +2.1227632367849973786750550689463e+01)
eps^2:  (+4.1035769081247491221301403734458e+01 +9.5506696368304133326706233355955e+01)
eps^3:  (+1.7521132398193349933048895491166e+02 +3.4003275554793821650009006832942e+02)
eps^4:  (+5.9702720856647560626966013855464e+02 +1.2856701409368093324804806483023e+03)

n. 25, MI[1,1,1,1,1,1,1,0,-1]
eps^-4: (0 0)
eps^-3: (-7.7473609373520727000097981931109e-02 +2.5289333031746615015362948715538e-01)
eps^-2: (-5.3613650577542479450330027175050e-01 -8.7376478211926430816898276981641e-01)
eps^-1: (+3.4680627822033919192970210880858e+00 -2.3030451089473263384742951010317e-02)
eps^0:  (-1.4949290415717384970307252775045e+00 +8.0504017062618428402363668003673e+00)
eps^1:  (-1.3073603022201090364673911324612e+01 -1.6311663420954763061930443497052e-01)
eps^2:  (-7.4291339669608632076343330815293e+00 -1.4602303182836785941865625744482e+01)
eps^3:  (+1.7584040203766591673288998177233e+01 -2.4049849402427677736651392926327e+01)
eps^4:  (+8.3438834215837742991016322951691e+01 -2.4766403533028048848927053356258e+01)

n. 26, MI[1,1,1,1,1,1,1,0,0]
eps^-4: (0 0)
eps^-3: (+5.1649072915680484666731987954073e-02 -1.6859555354497743343575299143692e-01)
eps^-2: (+2.6073075610686005698433142617185e-01 +6.2431097758374428368417822280879e-01)
eps^-1: (-1.7958070225423539907735086775522e+00 -2.3510021040486757820016244506674e-01)
eps^0:  (+2.6471113199884200068239556029349e+00 -4.1397891374603380628363256884074e+00)
eps^1:  (+1.4373738649479765938431134686349e+01 +3.8280909530885536913766244849056e+00)
eps^2:  (+2.5971393272577187668312404345850e+01 +2.9058892644206225284712100940248e+01)
eps^3:  (+6.4250950487649747091141281042219e+01 +8.9861525102814275923250138967082e+01)
eps^4:  (+2.4535723434461148605694324270161e+02 +3.0794475134066393261953102237865e+02)

n. 27, MI[0,1,0,1,1,1,2,0,0]
eps^-4: (0 0)
eps^-3: (0 0)
eps^-2: (0 0)
eps^-1: (+2.6291981568072484088327538088454e-01 -8.5823635082475372755618083703515e-01)
eps^0:  (+1.6236918563587075093941258185805e+00 +7.7853539380769052098798999632771e-01)
eps^1:  (-5.1057747712678617650516816670891e-01 +1.2341654660993604222830921737728e+00)
eps^2:  (-7.3993822241077407990262116125068e-01 +2.3823023983925954071916554903873e+00)
eps^3:  (-5.0894521969929354678636937608089e+00 +1.6805409474211195442894820463826e+00)
eps^4:  (-7.0428856100568303270385533786080e+00 +2.4037499414909436559376161391178e+00)

n. 28, MI[1,1,1,0,0,1,2,0,0]
eps^-4: (0 0)
eps^-3: (0 0)
eps^-2: (-1.2217209758322067535780362823573e-01 0)
eps^-1: (+6.0259695152906730374947479105190e-01 -3.8381496424110140686515583383821e-01)
eps^0:  (+1.0418207341526502154892298289065e+00 +9.6589796749788010028428462838956e-01)
eps^1:  (+3.2643542194743395956989126581038e+00 -5.0552112542815608254414904567135e-01)
eps^2:  (+1.5501182933568564265896598852351e+01 +8.9470654639479366817589759517665e-01)
eps^3:  (+6.0170425710685958906340240103856e+01 -5.9751254764599558310829386695173e-01)
eps^4:  (+2.4562253488353561875737561784998e+02 +9.9362570537368361899447282451275e-01)

n. 29, MI[1,1,1,0,0,1,2,-1,0]
eps^-4: (0 0)
eps^-3: (0 0)
eps^-2: (+3.0543024395805168839450907058934e-01 0)
eps^-1: (-3.8956648793314938315273025742622e-01 +9.5953741060275351716288958459552e-01)
eps^0:  (-1.4614598747203935568062425885482e+00 -2.2974393490139957890126246843555e+00)
eps^1:  (+4.5557542327334277229955899587022e+00 +1.4833243274535562518722602059518e+00)
eps^2:  (-7.9798693071546979191198507882650e+00 -1.9439687108881360404230342807272e+00)
eps^3:  (+1.7462454316544293275603400635652e+01 +1.8311564108500589566613595932600e+00)
eps^4:  (-3.3358141755097739696806920023306e+01 -2.1056760073203132736620583722070e+00)

n. 30, MI[0,0,0,0,2,0,2,0,0]
eps^-4: (0 0)
eps^-3: (0 0)
eps^-2: (+1.0000000000000000000000000000000e+00 0)
eps^-1: (-1.1544313298030657212130241801648e+00 0)
eps^0:  (+2.3112899144636637851091674393565e+00 0)
eps^1:  (-2.9567553800979386922418768113639e+00 0)
eps^2:  (+3.9893102121315218528447893593801e+00 0)
eps^3:  (-4.8924230402605264307132041777190e+00 0)
eps^4:  (+5.8854304761519303518453150012476e+00 0)

n. 31, MI[0,0,0,1,1,1,2,0,0]
eps^-4: (0 0)
eps^-3: (0 0)
eps^-2: (-4.3040894096400403888943323295061e-01 +1.4049629462081452786312749286410e+00)
eps^-1: (-3.0341794502225004592867279373188e+00 -1.6219332423151022463095975008701e+00)
eps^0:  (+1.3006780720732724011605837567064e+00 -1.3748661379884196527469514302453e+00)
eps^1:  (-1.2604581322001718336120927784513e+00 -2.1958760775096478237463672262517e+00)
eps^2:  (+3.9428434720078436462780447879922e+00 +3.4165707255978996546975676304035e-01)
eps^3:  (-2.4753858088001339539537390957850e+00 -3.9831923184518328495829797937636e-01)
eps^4:  (+3.9388747387818404545479263911394e+00 +1.0808549141042910116792845653357e+00)

n. 32, MI[1,1,1,0,0,0,2,0,0]
eps^-4: (0 0)
eps^-3: (+2.0000000000000000000000000000000e-01 0)
eps^-2: (-5.5277384844743321916275670267820e-01 +6.2831853071795864769252867665590e-01)
eps^-1: (-2.2306312129047118998483608182565e-01 -1.7365902613790139362431253429133e+00)
eps^0:  (+1.3829618208002299490901911018649e+00 +1.3663116488870347216464003695951e+00)
eps^1:  (-1.3491427689909500325818492161472e+00 -1.3684502657772453407423099893253e+00)
eps^2:  (+2.1432132279406416471179433739572e+00 +1.6166156306005362288167977012602e+00)
eps^3:  (-2.5450883051727609173018634196795e+00 -1.5280219646082243724150781441938e+00)
eps^4:  (+3.1680645970296484347018194264082e+00 +1.5588342053258386892718913747224e+00)

n. 33, MI[0,1,0,0,0,2,2,0,0]
eps^-4: (0 0)
eps^-3: (0 0)
eps^-2: (0 0)
eps^-1: (+6.1086048791610337678901814117867e-01 0)
eps^0:  (-1.0597276522300559161806758419020e+00 0)
eps^1:  (+3.3585211048517906921993557718173e+00 0)
eps^2:  (-6.9835856934085952370782650947085e+00 0)
eps^3:  (+1.5297042533490636829239471245997e+01 0)
eps^4:  (-3.1854363402948112214558138397152e+01 0)

n. 34, MI[0,2,0,0,0,2,1,0,0]
eps^-4: (0 0)
eps^-3: (0 0)
eps^-2: (-4.0000000000000000000000000000000e-01 0)
eps^-1: (+7.0611672708766763920081692853739e-01 0)
eps^0:  (-1.7464497518556124264298881387300e+00 0)
eps^1:  (+4.0854384708884967001957714118435e+00 0)
eps^2:  (-7.6403550607384835607362050737128e+00 0)
eps^3:  (+1.6981700316826791328866073059828e+01 0)
eps^4:  (-3.2421235357617160548623477985704e+01 0)

n. 35, MI[0,0,1,0,0,2,2,0,0]
eps^-4: (0 0)
eps^-3: (0 0)
eps^-2: (-2.5000000000000000000000000000000e-01 0)
eps^-1: (+2.8860783245076643030325604504120e-01 0)
eps^0:  (-2.2227565454641423827497070264852e+00 0)
eps^1:  (+2.3403846093525915135212108428148e-01 0)
eps^2:  (-1.9341034512648124566824418386004e+01 0)
eps^3:  (-3.2626178969664612505817148121305e+01 0)
eps^4:  (-2.2412570076277660818122035166035e+02 0)

n. 36, MI[1,0,1,1,1,1,1,0,0]
eps^-4: (0 0)
eps^-3: (0 0)
eps^-2: (0 0)
eps^-1: (+1.6289525320047496298362201544920e+00 +1.4659307828545621284955566825218e+00)
eps^0:  (-1.9265745438314776130592764091901e+00 +8.5637896294708212676447696359366e+00)
eps^1:  (-3.0868976764374753838754187198057e+00 +9.4805825446827911163729553193075e+00)
eps^2:  (+3.4022770638019322951257372791840e+01 +5.0547331038365244082999431007108e+01)
eps^3:  (+1.4238225955306736102265522273822e+02 +2.5836224649304874578963293432693e+02)
eps^4:  (+5.3196078310787454405010084829670e+02 +1.0821356038585921515970323547559e+03)

n. 37, MI[1,0,1,0,0,1,3,0,0]
eps^-4: (0 0)
eps^-3: (0 0)
eps^-2: (0 0)
eps^-1: (0 0)
eps^0:  (-3.1457943923578881624897800166051e-01 +6.7608478348593905459590317807734e-01)
eps^1:  (-2.6471475178259463523811130183140e+00 +4.0647733749000868507348235307160e-01)
eps^2:  (-6.2949190732358962424679829323265e+00 +2.4282414948185981258190341349123e-01)
eps^3:  (-2.3031956217040897311473445211896e+01 +1.4892994080772458722267376057261e-01)
eps^4:  (-8.2358470306753524047298538820870e+01 +2.0878682364357337459726548505238e-01)

n. 38, MI[0,1,0,0,1,1,2,0,0]
eps^-4: (0 0)
eps^-3: (0 0)
eps^-2: (0 0)
eps^-1: (0 0)
eps^0:  (-1.9999154826526755466579048971220e+00 0)
eps^1:  (+4.9468520567288116980119902406049e-01 0)
eps^2:  (-1.1695036070403602636607661135069e+01 0)
eps^3:  (+4.6261177823452406043808290772349e+00 0)
eps^4:  (-5.1488341378324784949034515251220e+01 0)

n. 39, MI[1,0,1,0,0,2,1,0,0]
eps^-4: (0 0)
eps^-3: (0 0)
eps^-2: (0 0)
eps^-1: (-6.2915887847157763249795600332101e-01 +1.3521695669718781091918063561547e+00)
eps^0:  (-5.5414842900046918465963748612705e+00 -1.1636062355670844418690243664031e+00)
eps^1:  (-6.6594732276200449241245609494755e+00 +1.1785806310897564934053049156034e+00)
eps^2:  (-5.0276707572142359436842235352196e+01 -1.1865221774319243590917519258430e+00)
eps^3:  (-1.4183715988235216720693374301664e+02 +1.4209472528712154894993038646521e+00)
eps^4:  (-6.6062166672339788610093629313997e+02 -1.1570488267221649464912581135204e+00)

n. 40, MI[1,0,1,0,0,2,2,-1,0]
eps^-4: (0 0)
eps^-3: (0 0)
eps^-2: (0 0)
eps^-1: (-6.2915887847157763249795600332101e-01 +1.3521695669718781091918063561547e+00)
eps^0:  (-7.0469913013006462534264356925550e+00 -4.3582801217043003550140072664008e-01)
eps^1:  (-1.1812076888777681056505905756839e+01 -4.5569950791837552209124572858192e-01)
eps^2:  (-6.7808449165443014098986702179551e+01 -3.1374297429978490581824154162453e-01)
eps^3:  (-2.1951079429548200519295487909593e+02 +5.1276503591435511620572907513359e-02)
eps^4:  (-9.6534345351409810177965495207954e+02 +5.6383925863334826499279862188272e-02)

n. 41, MI[1,0,2,0,0,1,2,-1,0]
eps^-4: (0 0)
eps^-3: (0 0)
eps^-2: (0 0)
eps^-1: (0 0)
eps^0:  (+6.2915887847157763249795600332101e-01 -1.3521695669718781091918063561547e+00)
eps^1:  (+5.7886735443574909884305236859130e+00 +3.1401671461141862538850134389494e+00)
eps^2:  (+7.2910830876829736331315603429788e-01 -1.8715129632157933616468030042243e+00)
eps^3:  (+5.4489502710202924250737580280600e+01 +2.6709042364792978926288513728313e+00)
eps^4:  (+1.1895737915119728631927040839154e+02 -2.4243208584552842298040767591994e+00)

n. 42, MI[1,0,2,0,0,2,1,-1,0]
eps^-4: (0 0)
eps^-3: (0 0)
eps^-2: (+1.0000000000000000000000000000000e-01 0)
eps^-1: (-4.3733071546712664704145428466172e-01 +6.2831853071795864769252867665590e-01)
eps^0:  (-1.1821235134477499358611848252496e+00 -2.7478299258013864726409968733181e+00)
eps^1:  (+4.4934945850280765161803093810422e+00 +2.2558990502584805413468723566915e+00)
eps^2:  (-1.2497300673579276325238994665618e+01 -2.4050108472292875769626364508876e+00)
eps^3:  (+1.5469074502928857482033880994539e+00 +2.4533730929235678382597702199344e+00)
eps^4:  (-1.0736975945841986413494089957010e+02 -2.7649743338796936778030530133520e+00)

n. 43, MI[2,0,1,0,0,1,2,-1,0]
eps^-4: (0 0)
eps^-3: (0 0)
eps^-2: (0 0)
eps^-1: (0 0)
eps^0:  (+6.2915887847157763249795600332101e-01 -1.3521695669718781091918063561547e+00)
eps^1:  (+5.7886735443574909884305236859130e+00 +3.1401671461141862538850134389494e+00)
eps^2:  (+7.2910830876829736331315603429788e-01 -1.8715129632157933616468030042243e+00)
eps^3:  (+5.4489502710202924250737580280600e+01 +2.6709042364792978926288513728313e+00)
eps^4:  (+1.1895737915119728631927040839154e+02 -2.4243208584552842298040767591994e+00)

n. 44, MI[2,0,1,0,0,2,1,-1,0]
eps^-4: (0 0)
eps^-3: (0 0)
eps^-2: (+1.0000000000000000000000000000000e-01 0)
eps^-1: (-4.3733071546712664704145428466172e-01 +6.2831853071795864769252867665590e-01)
eps^0:  (-1.1821235134477499358611848252496e+00 -2.7478299258013864726409968733181e+00)
eps^1:  (+4.4934945850280765161803093810422e+00 +2.2558990502584805413468723566915e+00)
eps^2:  (-1.2497300673579276325238994665618e+01 -2.4050108472292875769626364508876e+00)
eps^3:  (+1.5469074502928857482033880994539e+00 +2.4533730929235678382597702199344e+00)
eps^4:  (-1.0736975945841986413494089957010e+02 -2.7649743338796936778030530133520e+00)

n. 45, MI[0,1,1,0,1,1,1,0,0]
eps^-4: (0 0)
eps^-3: (0 0)
eps^-2: (0 0)
eps^-1: (+1.7600492149675530571876964410504e+00 0)
eps^0:  (+3.3523963006265527693450460817576e+00 0)
eps^1:  (+2.3200235415601189226399650572559e+01 0)
eps^2:  (+7.0208424700930784765645493641819e+01 0)
eps^3:  (+3.2551485883177479209403437509662e+02 0)
eps^4:  (+1.2016134093095084719522429776825e+03 0)

n. 46, MI[1,1,1,0,1,1,1,-1,0]
eps^-4: (0 0)
eps^-3: (0 0)
eps^-2: (+5.5846294544475943811047836010176e-01 0)
eps^-1: (-1.6458074467699637633747352718916e-01 +1.7088223165724558581886060656682e+00)
eps^0:  (-2.2021953795329383265671057887676e+00 -2.3236262901897542880369297422671e+00)
eps^1:  (+5.3812259241433120256882944020398e+00 +8.7789351367399072200169616959178e-01)
eps^2:  (-6.5895489601872457520461264316089e+00 -2.8909938862561965901725306493686e+00)
eps^3:  (+2.2790854543087708475978607166583e+01 +1.2489341015447895879249878470292e+00)
eps^4:  (-2.5358267989684245346377471106967e+01 -1.7979843124705971337450015421387e+00)

n. 47, MI[1,1,1,0,1,1,1,0,0]
eps^-4: (0 0)
eps^-3: (0 0)
eps^-2: (-2.2338517817790377524419134404071e-01 0)
eps^-1: (+9.7901172286528592016280659462962e-01 -4.4460686721436735768901833740927e-01)
eps^0:  (+2.7027748719579639882021152395556e+00 +2.8089939679683951627224323626846e+00)
eps^1:  (+7.0341747912718125397669248399278e+00 +7.7846616870684883245818903292102e+00)
eps^2:  (+2.6935338090650363161559048551327e+01 +3.1096482050010384591174263021504e+01)
eps^3:  (+1.0580451915613634557960258913563e+02 +1.1110339057063257154806928820223e+02)
eps^4:  (+4.3933878925070548372270617399400e+02 +4.3524116984226145345132734822796e+02)

