n. 0, MI[1,0,0,0,1,1,2,0,0]
eps^-4: (0 0)
eps^-3: (0 0)
eps^-2: (0 0)
eps^-1: (+3.0867682228061699009912643407412e+00 0)
eps^0:  (+6.4226497277567340612576555526123e+00 0)
eps^1:  (+2.8657018214762644709114120737901e+01 0)
eps^2:  (+7.5740555190330543006684432879767e+01 0)
eps^3:  (+3.2908695258893409854103473038026e+02 0)
eps^4:  (+1.1987695858856909602550674292098e+03 0)

n. 1, MI[1,0,1,0,1,1,1,0,0]
eps^-4: (0 0)
eps^-3: (0 0)
eps^-2: (0 0)
eps^-1: (0 0)
eps^0:  (-6.8642487704096874306588526289631e+00 0)
eps^1:  (-1.9477897711913189414789967955415e+01 0)
eps^2:  (-7.8218061701624237438245289296227e+01 0)
eps^3:  (-1.7337297520418761317448642688119e+02 0)
eps^4:  (-4.9788905744688018675592977208083e+02 0)

n. 2, MI[2,0,1,0,1,1,1,0,0]
eps^-4: (0 0)
eps^-3: (0 0)
eps^-2: (-2.0000000000000000000000000000000e-01 0)
eps^-1: (+7.2014368648629704654912287215689e-01 0)
eps^0:  (-5.5428091279557871901122200734909e+00 0)
eps^1:  (+1.5596822230396119238706310632053e-02 0)
eps^2:  (-2.0175220175278367206518669289116e+01 0)
eps^3:  (+1.3303213193941352169099512370899e+01 0)
eps^4:  (-1.5466950249113448128432788785982e+02 0)

n. 3, MI[0,0,2,2,0,0,1,0,0]
eps^-4: (0 0)
eps^-3: (0 0)
eps^-2: (0 0)
eps^-1: (-2.7725887222397812376689284858327e-01 +6.2831853071795864769252867665590e-01)
eps^0:  (-2.5022967773520696952453211040929e+00 -3.1982486770200322722484845192838e+00)
eps^1:  (+9.9273954988501169358281672632002e+00 -2.0731359619935330636637778299214e+00)
eps^2:  (-1.7870952874071081462820340000309e+00 +8.9870768868380061012984545362489e+00)
eps^3:  (+7.6814230787958130895461245563505e+00 +1.1600984036851789796144840511582e+01)
eps^4:  (-4.7996935216139050089058937992218e+01 -1.7545687160961606297488941242804e+00)

n. 4, MI[0,0,2,0,0,2,0,0,0]
eps^-4: (0 0)
eps^-3: (0 0)
eps^-2: (+1.0000000000000000000000000000000e+00 0)
eps^-1: (-1.1544313298030657212130241801648e+00 0)
eps^0:  (+2.3112899144636637851091674393565e+00 0)
eps^1:  (-2.9567553800979386922418768113639e+00 0)
eps^2:  (+3.9893102121315218528447893593801e+00 0)
eps^3:  (-4.8924230402605264307132041777190e+00 0)
eps^4:  (+5.8854304761519303518453150012476e+00 0)

n. 5, MI[0,0,2,1,1,1,0,0,0]
eps^-4: (0 0)
eps^-3: (+1.2500000000000000000000000000000e-01 0)
eps^-2: (-4.9087750650535586986024408324969e-01 +7.8539816339744830961566084581988e-01)
eps^-1: (-8.5201164602799091587648522655415e-01 -1.8202247559714382098099167508671e+00)
eps^0:  (+1.7841316652685574682979090583245e+00 +8.1733199724405468869812653430402e-01)
eps^1:  (-1.4292882648998306346377459343200e+00 -1.1528936301446291670283849531353e+00)
eps^2:  (+2.5207402209211787348028234236297e+00 +1.3965888850050554729365775656856e+00)
eps^3:  (-2.8025802049400086987295242277966e+00 -1.1567026647979878987073754866856e+00)
eps^4:  (+3.4054600514976891955827525719905e+00 +1.2745325916138600164030757971807e+00)

n. 6, MI[0,0,1,2,0,0,2,0,0]
eps^-4: (0 0)
eps^-3: (0 0)
eps^-2: (+2.5000000000000000000000000000000e-01 0)
eps^-1: (-1.1203844491227008016039345907910e+00 +1.8849555921538759430775860299677e+00)
eps^0:  (-5.2147412393828646073506840017556e+00 -7.0666468700041654757507747318392e+00)
eps^1:  (+1.7841551418439492484912474432451e+01 -6.2315029781490346544875373863180e+00)
eps^2:  (+5.8140779646206643149141979311231e+00 +1.8233321832130665202929812518283e+01)
eps^3:  (+1.5059874270276110781517985999063e+00 +2.6175449170437763018223628595558e+01)
eps^4:  (-6.7598948263006312973570648413306e+01 -1.8458480279055592424155639995088e+00)

n. 7, MI[0,0,2,1,0,0,2,0,0]
eps^-4: (0 0)
eps^-3: (0 0)
eps^-2: (0 0)
eps^-1: (-2.7725887222397812376689284858327e-01 +6.2831853071795864769252867665590e-01)
eps^0:  (-2.5022967773520696952453211040929e+00 -3.1982486770200322722484845192838e+00)
eps^1:  (+9.9273954988501169358281672632002e+00 -2.0731359619935330636637778299214e+00)
eps^2:  (-1.7870952874071081462820340000309e+00 +8.9870768868380061012984545362489e+00)
eps^3:  (+7.6814230787958130895461245563505e+00 +1.1600984036851789796144840511582e+01)
eps^4:  (-4.7996935216139050089058937992218e+01 -1.7545687160961606297488941242804e+00)

n. 8, MI[0,0,2,0,1,0,2,0,0]
eps^-4: (0 0)
eps^-3: (0 0)
eps^-2: (-2.5000000000000000000000000000000e-01 0)
eps^-1: (+2.8860783245076643030325604504120e-01 0)
eps^0:  (-2.2227565454641423827497070264852e+00 0)
eps^1:  (+2.3403846093525915135212108428148e-01 0)
eps^2:  (-1.9341034512648124566824418386004e+01 0)
eps^3:  (-3.2626178969664612505817148121305e+01 0)
eps^4:  (-2.2412570076277660818122035166035e+02 0)

n. 9, MI[1,0,1,1,1,0,1,0,0]
eps^-4: (0 0)
eps^-3: (0 0)
eps^-2: (0 0)
eps^-1: (+2.3916403292835475016599146131248e+00 +3.7319892029879592724233086707392e+00)
eps^0:  (-2.2552184362401551632118220091496e+00 +1.2439445968207050159989195226679e+01)
eps^1:  (+1.8194023463538282317081035972555e+00 +2.5414042184441386663663065326007e+01)
eps^2:  (+5.0389389814514285839183382029103e+00 +5.8905374545256901438052443604028e+01)
eps^3:  (+9.1241564889608340333054951085915e+01 +1.7067641204843709569066649539311e+02)
eps^4:  (+2.3163578693832891234634435268864e+02 +5.1877197658667525936909157870809e+02)

n. 10, MI[1,0,1,1,1,1,1,0,-1]
eps^-4: (0 0)
eps^-3: (0 0)
eps^-2: (+4.8230753481346404702988505324081e-01 0)
eps^-1: (-1.0236827741060383416902268426963e-01 +1.7553851592480560441134159251795e+00)
eps^0:  (-2.2792272873899129075724969219938e+00 -2.2631604015608741208827287553606e+00)
eps^1:  (+1.3088641983226893490155295293682e+01 -4.0335552626998363299205945062525e-01)
eps^2:  (+3.1445086698590013441761234774762e+01 +9.9801854966634267776174134890753e-01)
eps^3:  (+1.8872730362347196498907329199959e+02 +5.3227655160460960947688265146091e+00)
eps^4:  (+6.9221053026706541826152218921573e+02 +3.4933172993302561484020205089350e+00)

n. 11, MI[1,0,1,1,1,1,1,0,0]
eps^-4: (0 0)
eps^-3: (0 0)
eps^-2: (-3.8584602785077123762390804259265e-01 0)
eps^-1: (+6.7980470424936994275019680069690e-01 -4.7131082665145501718490557245881e-01)
eps^0:  (-2.7625420753647726887147619561484e+00 +5.4485507966647865274876724741954e+00)
eps^1:  (-2.7119055527640016661605798712897e+01 +1.1213968529190846481784087172276e+01)
eps^2:  (-1.0938487971814846763236445955695e+02 +2.8016560431412343849337903232576e+01)
eps^3:  (-4.2711421279880706614949809107557e+02 +7.9809232872382099881650769072201e+01)
eps^4:  (-1.6667126642178977383272090764064e+03 +2.5098772988362952473978542052620e+02)

n. 12, MI[1,1,0,1,1,1,1,0,-1]
eps^-4: (+8.3333333333333333333333333333333e-02 0)
eps^-3: (-2.3962008482452258114141092154549e-01 +2.6179938779914943653855361527329e-01)
eps^-2: (+3.4700875992778054932067520220979e-01 +2.4837607932643552165104558031346e-01)
eps^-1: (+1.8823234331596979688529311151711e-01 +5.0505593657762999846562661063155e+00)
eps^0:  (-3.8932832497836381991421040012314e+00 +4.3819497943638797640535514606503e+00)
eps^1:  (+1.3340631287483682057268361057352e+01 +1.7178009922562972501845624348173e+01)
eps^2:  (+2.1922315436741158998823604608125e+01 +5.8565105412191787612175289148673e+01)
eps^3:  (+1.0694832602133244283226437777746e+02 +1.8201960077215557780186459676007e+02)
eps^4:  (+2.3864904881243419594414639126745e+02 +5.2906922339555315212055289426096e+02)

n. 13, MI[1,1,1,1,1,1,1,0,0]
eps^-4: (-6.6666666666666666666666666666667e-02 0)
eps^-3: (+2.5543219713275735196069457212447e-01 -3.6651914291880921115397506138261e-01)
eps^-2: (+4.4483806823846849485006875542647e-01 +8.5367122189945278484075254817138e-01)
eps^-1: (-9.0397403612648994467215947529836e-01 +3.2997329597677427800155695111022e-01)
eps^0:  (+2.4940850689258858697346488203773e+00 +3.0324098842180677057083325099862e+00)
eps^1:  (-4.0831056751512580598376319765515e+00 +2.0625224902591161454518197277299e+01)
eps^2:  (-4.0705527102383809508874651047460e+01 +5.1241362057019256625178070023901e+01)
eps^3:  (-1.5351404949358612376579193832071e+02 +1.2931281777206167522552510887224e+02)
eps^4:  (-5.7298481466440647209424216430164e+02 +3.6648820009245196472553393127859e+02)

n. 14, MI[1,1,1,1,1,1,0,0,0]
eps^-4: (+1.5625000000000000000000000000000e-02 0)
eps^-3: (-1.0468138709816606557110751799735e-01 +1.9634954084936207740391521145497e-01)
eps^-2: (-7.4585383800902703312183210378908e-01 -9.9945271156876008507765141227618e-01)
eps^-1: (+3.5688132805643064930203139816425e+00 -9.5460922204137453418464726780824e-01)
eps^0:  (-5.0807460060856529004356414481132e-01 +6.6021213940248468000852992220618e+00)
eps^1:  (-6.7667450800173103072728771567619e+00 -2.5622704079955834518244020747420e+00)
eps^2:  (+1.6704424546379175291850802929156e+00 -3.7086250185447430709050930377296e+00)
eps^3:  (+1.8963437891598779924595436123666e+00 -2.0301924643960629273952129124453e+00)
eps^4:  (+3.0501148920213566282234127092470e+00 +3.2308473041052675772402142202525e+00)

n. 15, MI[1,1,1,1,1,1,1,-1,0]
eps^-4: (+4.1666666666666666666666666666667e-02 0)
eps^-3: (-1.9948020400368539938016275438284e-01 +3.2724923474893679567319201909161e-01)
eps^-2: (-6.9951283626689722417581879065677e-01 -1.0332708694715380330642960487452e+00)
eps^-1: (+2.1001079706302522145131001482511e+00 -1.2446359721081623862058223204880e+00)
eps^0:  (-2.3367398407254855769763552159309e+00 -4.5329267942103343166344615751878e-01)
eps^1:  (-3.6351874964779537717940755773490e+00 -1.7056753503571541288839500572564e+01)
eps^2:  (+5.0743482533317887514539664438976e+00 -3.4613914435383388476077937358069e+01)
eps^3:  (-1.1253119620943806165978802793456e+01 -8.0892609457031638234504755640893e+01)
eps^4:  (-9.2345766072368572475778263011962e+01 -2.3129642375878328610316710750538e+02)

n. 16, MI[0,1,1,1,1,1,1,0,0]
eps^-4: (+5.2083333333333333333333333333333e-03 0)
eps^-3: (-3.4893795699388688523702505999116e-02 +6.5449846949787359134638403818323e-02)
eps^-2: (-1.8720071341564237855181280906160e-01 -2.8048217133425479208849466188347e-01)
eps^-1: (+7.7558347760967001138162608626043e-01 +3.8832995928667621914906113112755e-01)
eps^0:  (-3.4740777681973335121751088172361e+00 +9.7729758990533395154773218298971e-01)
eps^1:  (-2.0248297126811433543858142797977e+00 -9.2331962002145684026810436570444e+00)
eps^2:  (+9.9202307509079229120869983673584e+00 -8.8483865633408512310182217688701e+00)
eps^3:  (+1.4205494962459206015946932629891e+01 -1.2558789914572152965435705651365e+01)
eps^4:  (+4.5075290177147545461479423061423e+01 -4.7018836214437201699186974839909e+01)

n. 17, MI[1,1,0,1,1,1,1,0,0]
eps^-4: (-1.1666666666666666666666666666667e-01 0)
eps^-3: (+2.7173198948119232655040945527562e-01 -2.0943951023931954923084289221863e-01)
eps^-2: (-4.2391119878278354514440115147565e-01 -1.9870086346114841732083646425077e-01)
eps^-1: (+1.2368338409496855213722663236807e+00 -2.8503698937570443949464478433090e+00)
eps^0:  (+3.2228349297639217035546427465367e+00 +4.0127991739066007449543878810373e-01)
eps^1:  (-2.4657056765699155326463159639444e+00 -3.2564119798920527368879703808771e+00)
eps^2:  (-5.0959995140184054976637738139613e+00 -2.1869780955853634471537344310832e+01)
eps^3:  (+1.0264313766723469136002630479052e+00 -7.8179411328979619605324812994766e+01)
eps^4:  (+4.9928390451564753562120518721377e+01 -2.2728386952447756457776973382386e+02)

n. 18, MI[0,1,1,0,1,1,1,0,0]
eps^-4: (0 0)
eps^-3: (0 0)
eps^-2: (0 0)
eps^-1: (0 0)
eps^0:  (+1.1670063947129097850115530032553e+00 -4.9438871346043638453600991271135e+00)
eps^1:  (+2.3177672995540555022168570103961e+01 -6.8937413384170943131987850267996e+00)
eps^2:  (+6.5330154520173443004074277062177e+01 -1.6521264412529494726514097749039e+01)
eps^3:  (+3.1248782337404178188402332454663e+02 -4.9149156589852997871313594663445e+01)
eps^4:  (+1.1842112971911156042628991836629e+03 -1.5980489695528564869592028305587e+02)

n. 19, MI[0,1,1,1,1,0,1,0,0]
eps^-4: (0 0)
eps^-3: (0 0)
eps^-2: (+2.0561675835602830455905189583075e-01 0)
eps^-1: (-6.8815400256373525746986769404645e-01 +1.7397146851490116713487558758100e+00)
eps^0:  (-5.2297754782683426548817945339577e+00 -3.5408053325353605005998365640434e+00)
eps^1:  (+4.6919045849603171173293445823677e+00 -3.6977881607586933595452518131222e+00)
eps^2:  (-1.4162661095354471714430832641869e+01 +9.3110884886267116715073583167095e-02)
eps^3:  (-2.6969986813745963168923361096132e+01 +6.4046041408516291323362294242267e+00)
eps^4:  (-2.2683053723645524818995270798219e+02 +4.3905805976416846708994477886438e+00)

n. 20, MI[1,1,0,1,1,0,1,0,0]
eps^-4: (-2.0000000000000000000000000000000e-01 0)
eps^-3: (+3.2014368648629704654912287215689e-01 0)
eps^-2: (+7.2756863377054151837522107827130e-02 0)
eps^-1: (+2.1744901385174923942997597537254e+00 0)
eps^0:  (-6.5347213529531600635554742159055e-01 0)
eps^1:  (+5.2039043162979197649781170252845e+00 0)
eps^2:  (-8.3840787489078701023703922766766e+00 0)
eps^3:  (+1.5092711073194070202183144316700e+01 0)
eps^4:  (-3.7001816727268881728339986633455e+01 0)

