n. 0, MI[0,0,2,2,0,0,1,0,0]
eps^-4: (0 0)
eps^-3: (0 0)
eps^-2: (+2.0000000000000000000000000000000e-01 0)
eps^-1: (-8.7466143093425329408290856932344e-01 +1.2566370614359172953850573533118e+00)
eps^0:  (-2.3642470268954998717223696504993e+00 -5.4956598516027729452819937466362e+00)
eps^1:  (+1.3351394753387395562649091978072e+01 +1.6816787142270786810197437354635e+00)
eps^2:  (-1.0238556595270700420279889477020e+01 +1.1569302467146543106056992722167e+01)
eps^3:  (+4.2774204590823078974581639697893e+00 +1.3220560999803381001558565983283e+00)
eps^4:  (-3.9375739033163091676975035051953e+01 -1.1216827498642004983377647174083e+01)

n. 1, MI[1,0,1,0,0,1,2,0,0]
eps^-4: (0 0)
eps^-3: (0 0)
eps^-2: (0 0)
eps^-1: (-6.2915887847157763249795600332101e-01 +1.3521695669718781091918063561547e+00)
eps^0:  (-5.5414842900046918465963748612705e+00 -1.1636062355670844418690243664031e+00)
eps^1:  (-6.6594732276200449241245609494755e+00 +1.1785806310897564934053049156034e+00)
eps^2:  (-5.0276707572142359436842235352196e+01 -1.1865221774319243590917519258430e+00)
eps^3:  (-1.4183715988235216720693374301664e+02 +1.4209472528712154894993038646521e+00)
eps^4:  (-6.6062166672339788610093629313997e+02 -1.1570488267221649464912581135204e+00)

n. 2, MI[1,0,1,0,0,2,1,0,0]
eps^-4: (0 0)
eps^-3: (0 0)
eps^-2: (0 0)
eps^-1: (0 0)
eps^0:  (-2.4718925435279914183414882464253e-01 -1.9765609105471018120159890725463e+00)
eps^1:  (+5.9303649188517475608114049151776e+00 +6.9293233212603686824149808862092e-01)
eps^2:  (-4.2127951380605648138953449284046e+00 -1.4843820590473735335370994469883e+00)
eps^3:  (+2.2879780731154880887663334625100e+01 +1.0033736055840687403047728945473e+00)
eps^4:  (-2.1047467025995881264851172906295e+01 -1.6284617531569312060080697535955e+00)

n. 3, MI[1,0,1,0,0,2,2,-1,0]
eps^-4: (0 0)
eps^-3: (0 0)
eps^-2: (0 0)
eps^-1: (-6.2915887847157763249795600332101e-01 +1.3521695669718781091918063561547e+00)
eps^0:  (-7.0469913013006462534264356925550e+00 -4.3582801217043003550140072664008e-01)
eps^1:  (-1.1812076888777681056505905756839e+01 -4.5569950791837552209124572858192e-01)
eps^2:  (-6.7808449165443014098986702179551e+01 -3.1374297429978490581824154162453e-01)
eps^3:  (-2.1951079429548200519295487909593e+02 +5.1276503591435511620572907513359e-02)
eps^4:  (-9.6534345351409810177965495207954e+02 +5.6383925863334826499279862188272e-02)

n. 4, MI[1,0,2,0,0,1,2,-1,0]
eps^-4: (0 0)
eps^-3: (0 0)
eps^-2: (+1.0000000000000000000000000000000e-01 0)
eps^-1: (-4.3733071546712664704145428466172e-01 +6.2831853071795864769252867665590e-01)
eps^0:  (-1.1821235134477499358611848252496e+00 -2.7478299258013864726409968733181e+00)
eps^1:  (+4.4934945850280765161803093810422e+00 +2.2558990502584805413468723566915e+00)
eps^2:  (-1.2497300673579276325238994665618e+01 -2.4050108472292875769626364508876e+00)
eps^3:  (+1.5469074502928857482033880994539e+00 +2.4533730929235678382597702199344e+00)
eps^4:  (-1.0736975945841986413494089957010e+02 -2.7649743338796936778030530133520e+00)

n. 5, MI[1,0,2,0,0,2,1,-1,0]
eps^-4: (0 0)
eps^-3: (0 0)
eps^-2: (0 0)
eps^-1: (0 0)
eps^0:  (+6.2915887847157763249795600332101e-01 -1.3521695669718781091918063561547e+00)
eps^1:  (+5.7886735443574909884305236859130e+00 +3.1401671461141862538850134389494e+00)
eps^2:  (+7.2910830876829736331315603429788e-01 -1.8715129632157933616468030042243e+00)
eps^3:  (+5.4489502710202924250737580280600e+01 +2.6709042364792978926288513728313e+00)
eps^4:  (+1.1895737915119728631927040839154e+02 -2.4243208584552842298040767591994e+00)

n. 6, MI[2,0,1,0,0,1,2,-1,0]
eps^-4: (0 0)
eps^-3: (0 0)
eps^-2: (+1.0000000000000000000000000000000e-01 0)
eps^-1: (-4.3733071546712664704145428466172e-01 +6.2831853071795864769252867665590e-01)
eps^0:  (-1.1821235134477499358611848252496e+00 -2.7478299258013864726409968733181e+00)
eps^1:  (+4.4934945850280765161803093810422e+00 +2.2558990502584805413468723566915e+00)
eps^2:  (-1.2497300673579276325238994665618e+01 -2.4050108472292875769626364508876e+00)
eps^3:  (+1.5469074502928857482033880994539e+00 +2.4533730929235678382597702199344e+00)
eps^4:  (-1.0736975945841986413494089957010e+02 -2.7649743338796936778030530133520e+00)

n. 7, MI[2,0,1,0,0,2,1,-1,0]
eps^-4: (0 0)
eps^-3: (0 0)
eps^-2: (0 0)
eps^-1: (0 0)
eps^0:  (+6.2915887847157763249795600332101e-01 -1.3521695669718781091918063561547e+00)
eps^1:  (+5.7886735443574909884305236859130e+00 +3.1401671461141862538850134389494e+00)
eps^2:  (+7.2910830876829736331315603429788e-01 -1.8715129632157933616468030042243e+00)
eps^3:  (+5.4489502710202924250737580280600e+01 +2.6709042364792978926288513728313e+00)
eps^4:  (+1.1895737915119728631927040839154e+02 -2.4243208584552842298040767591994e+00)

n. 8, MI[1,1,1,0,0,2,0,0,0]
eps^-4: (0 0)
eps^-3: (+2.0000000000000000000000000000000e-01 0)
eps^-2: (-5.5277384844743321916275670267820e-01 +6.2831853071795864769252867665590e-01)
eps^-1: (-2.2306312129047118998483608182565e-01 -1.7365902613790139362431253429133e+00)
eps^0:  (+1.3829618208002299490901911018649e+00 +1.3663116488870347216464003695951e+00)
eps^1:  (-1.3491427689909500325818492161472e+00 -1.3684502657772453407423099893253e+00)
eps^2:  (+2.1432132279406416471179433739572e+00 +1.6166156306005362288167977012602e+00)
eps^3:  (-2.5450883051727609173018634196795e+00 -1.5280219646082243724150781441938e+00)
eps^4:  (+3.1680645970296484347018194264082e+00 +1.5588342053258386892718913747224e+00)

n. 9, MI[0,1,0,0,0,2,2,0,0]
eps^-4: (0 0)
eps^-3: (0 0)
eps^-2: (0 0)
eps^-1: (+6.4874417297306301116482098474296e-01 0)
eps^0:  (-1.0090639022154587489271287701208e+00 0)
eps^1:  (+3.4657755039045904988059483516721e+00 0)
eps^2:  (-6.8842702221731601671578193537276e+00 0)
eps^3:  (+1.5438454017981269148254394713631e+01 0)
eps^4:  (-3.1749542541700442732622827564896e+01 0)

n. 10, MI[0,2,0,0,0,1,2,0,0]
eps^-4: (0 0)
eps^-3: (0 0)
eps^-2: (-4.4444444444444444444444444444444e-01 0)
eps^-1: (+6.5724596279537654524241541001613e-01 0)
eps^0:  (-1.8335964429989502131401955154415e+00 0)
eps^1:  (+4.0470431166035323768304334436269e+00 0)
eps^2:  (-7.6729594061172129021817584601940e+00 0)
eps^3:  (+1.7042414035337354561047338007297e+01 0)
eps^4:  (-3.2335428875971979211059756952734e+01 0)

n. 11, MI[0,2,0,0,0,2,1,0,0]
eps^-4: (0 0)
eps^-3: (0 0)
eps^-2: (0 0)
eps^-1: (+6.4874417297306301116482098474296e-01 0)
eps^0:  (-1.0090639022154587489271287701208e+00 0)
eps^1:  (+3.4657755039045904988059483516721e+00 0)
eps^2:  (-6.8842702221731601671578193537276e+00 0)
eps^3:  (+1.5438454017981269148254394713631e+01 0)
eps^4:  (-3.1749542541700442732622827564896e+01 0)

n. 12, MI[0,0,1,0,0,2,2,0,0]
eps^-4: (0 0)
eps^-3: (0 0)
eps^-2: (-2.5000000000000000000000000000000e-01 0)
eps^-1: (+2.8860783245076643030325604504120e-01 0)
eps^0:  (-2.2227565454641423827497070264852e+00 0)
eps^1:  (+2.3403846093525915135212108428148e-01 0)
eps^2:  (-1.9341034512648124566824418386004e+01 0)
eps^3:  (-3.2626178969664612505817148121305e+01 0)
eps^4:  (-2.2412570076277660818122035166035e+02 0)

n. 13, MI[0,1,1,1,0,1,1,0,0]
eps^-4: (0 0)
eps^-3: (0 0)
eps^-2: (0 0)
eps^-1: (+5.8626973847296149286377145713370e-02 +2.2614905247292478073218836860898e+00)
eps^0:  (-8.3290543070212329455975390250512e+00 +1.8039407942744162940349212773534e+00)
eps^1:  (-8.5155666781093716190180502663578e+00 -2.7743938596938319203228048378765e+00)
eps^2:  (-3.1421899100167368369292530180800e+01 -4.7300807276253301212032614885751e+00)
eps^3:  (-4.8242399535668897153808386766526e+01 -2.1432293235742203409575311239458e+00)
eps^4:  (-2.2658389376689333100553231423863e+02 +4.7648366658550303604776747407827e-01)

n. 14, MI[0,1,1,1,1,1,1,0,-1]
eps^-4: (0 0)
eps^-3: (0 0)
eps^-2: (0 0)
eps^-1: (-1.1143967114506795362561774566221e+00 +8.5325562303017298423324195495791e-01)
eps^0:  (-4.5086003675765012096945443879837e+00 -3.5267988878914608433889041831629e+00)
eps^1:  (-5.2573173522417646879508262915284e+00 +1.8654087450205078939117873297957e+00)
eps^2:  (-6.6546872953835458101350600448376e+01 +2.0674028393661471934186383373711e+00)
eps^3:  (-2.3379762162477934393655726954910e+02 +3.5387759587899615539220718717797e+00)
eps^4:  (-1.0902342252971912139230199119689e+03 -1.4158175737006531594269666911628e+00)

n. 15, MI[1,0,1,0,1,1,1,0,0]
eps^-4: (0 0)
eps^-3: (0 0)
eps^-2: (0 0)
eps^-1: (0 0)
eps^0:  (+2.0066547701658633824649688835667e+00 -3.2978021182012583651852144028829e+00)
eps^1:  (+1.7102693796111207471799234180907e+01 +2.7929805218278395566710444040976e+00)
eps^2:  (+2.9482739243724473281269370635887e+01 +2.7026419201294426961972485471610e+00)
eps^3:  (+1.6781553880554333461338742981572e+02 +3.4264993309408252445202742037606e+00)
eps^4:  (+5.7779920279997483446174525865489e+02 -1.6284808465513022502586954303037e+00)

n. 16, MI[1,0,1,1,1,0,1,0,0]
eps^-4: (0 0)
eps^-3: (0 0)
eps^-2: (0 0)
eps^-1: (0 0)
eps^0:  (+1.4424682837915131424796857938137e+00 0)
eps^1:  (-1.4752384776287322343489050919851e+00 +9.0632955267913894252883419038061e+00)
eps^2:  (-1.9812038063759404113631214801752e+01 -9.2691967272228314567202886846811e+00)
eps^3:  (+1.9062437864553666048404532142513e+01 -5.2145179080373991582984665578974e+00)
eps^4:  (-3.8121496848357167570208939239510e+01 -2.2049102418279752742143380507309e+00)

n. 17, MI[1,0,1,1,1,1,1,0,0]
eps^-4: (0 0)
eps^-3: (0 0)
eps^-2: (0 0)
eps^-1: (0 0)
eps^0:  (+1.7393970789869699222691760616895e-01 -1.3762865246759121222887129129469e+00)
eps^1:  (+7.6116518772839299775012533997205e+00 -2.8004957248648862116137287160293e+00)
eps^2:  (+2.0312224077565807143997067546540e+01 +4.8187322064375069751952314467791e+00)
eps^3:  (+6.0018394345371140974338975641848e+01 +3.6753220052656019717982614735559e+00)
eps^4:  (+2.4720988360484920033752408710473e+02 +4.1100493454400746934668231737960e-01)

n. 18, MI[1,1,1,1,1,1,0,0,0]
eps^-4: (0 0)
eps^-3: (0 0)
eps^-2: (+1.2583177569431552649959120066420e-01 -2.7043391339437562183836127123093e-01)
eps^-1: (+1.2071725597420580260529345021111e+00 +1.0233456113322576131802005022991e+00)
eps^0:  (-3.2742973383170291062306948302870e+00 +2.0681869580972318699558841519436e+00)
eps^1:  (-1.1711211083968211757312425755674e+00 -5.3210150919529593943857918369825e+00)
eps^2:  (+4.1484566691049202927952375367643e+00 +8.9002300947430514573676325943647e-01)
eps^3:  (-8.1693206620293083559821234650081e-01 +4.4631727474381715007541195318541e-01)
eps^4:  (+7.0349392223542635818482960376805e-01 +1.7066530584328142941599574167345e+00)

n. 19, MI[1,1,1,1,1,1,1,-1,-1]
eps^-4: (0 0)
eps^-3: (0 0)
eps^-2: (-2.8312149531220993462408020149446e-01 +6.0847630513734514913631286026960e-01)
eps^-1: (-2.4730314397614056878862329755005e+00 -1.1971981707055105347315980737313e+00)
eps^0:  (+5.2838347822597390611506968239565e+00 -5.0853412843655800602693616153905e+00)
eps^1:  (+7.7572675584575508611873810454342e+00 +1.7486554667646825172411607262593e+01)
eps^2:  (-2.4824111627026742598749850267810e+01 +1.1912334165302156587801133781073e+01)
eps^3:  (-1.7618185105466765515901438302986e+01 +4.2724167800399530168081522523298e+01)
eps^4:  (-1.9463045870295985570265488119737e+02 +7.6610572319555621344047022727300e+01)

n. 20, MI[1,1,1,1,1,1,1,0,-1]
eps^-4: (0 0)
eps^-3: (0 0)
eps^-2: (+1.2583177569431552649959120066420e-01 -2.7043391339437562183836127123093e-01)
eps^-1: (+2.6319934397071838440228971823146e+00 +6.2487857625929689115192786687599e+00)
eps^0:  (-2.2186363784515298943072253130969e+01 +1.6983913240178979289313047538347e+01)
eps^1:  (-4.1727999872806608386463917983587e+01 -5.8344940681076568591694057967903e-01)
eps^2:  (-1.1072992444125554890690017732297e+02 +2.8431772019746953877327540037097e+00)
eps^3:  (-2.0012753222431875084304224668849e+02 -5.6545943886378989026154090324432e+01)
eps^4:  (-6.6783082221253403140544568035425e+02 -2.1621113915425048977668015165900e+01)

n. 21, MI[1,1,1,0,1,1,1,-1,0]
eps^-4: (+3.3333333333333333333333333333333e-02 0)
eps^-3: (-1.4660507315561269256790430346265e-01 0)
eps^-2: (+2.8887931855724007832458397917624e-01 0)
eps^-1: (-1.7633573948298884452880091233278e+00 +1.5098628613985932746150279784541e+00)
eps^0:  (-4.3455505305599935375494459169179e+00 -4.5180130630574212023912510016572e+00)
eps^1:  (-7.4800453176456160684978727672856e-01 +1.5303092314061778778778334686651e+00)
eps^2:  (-4.2461421144950139992769947184122e+01 +1.0213374048004546191837029235591e+00)
eps^3:  (-1.2112501201287835453959158623756e+02 +4.0075590540833244219124682704884e+00)
eps^4:  (-5.8529717786516458228679675469392e+02 -2.0078802986606895397046504834247e+00)

n. 22, MI[1,1,1,1,1,1,1,0,0]
eps^-4: (-1.1851851851851851851851851851852e-02 0)
eps^-3: (+5.2015825833119560439154480087777e-02 -2.7925268031909273230779052295818e-02)
eps^-2: (-9.5024031415231353517316772298873e-04 -1.6490297967659206913308493991751e-01)
eps^-1: (+1.7699032566543299874625902524348e+00 +2.1084607332330455940296785437840e+00)
eps^0:  (-6.7944229663134718597683863469666e+00 +6.9163234694251345940099766031062e+00)
eps^1:  (-1.1608636736737815124342125266538e+01 +4.0637930434319061812954401849036e+00)
eps^2:  (-3.7949504792041461439658415572643e+01 +1.4595578401396942060203498887043e+00)
eps^3:  (-1.9944515559018255477188526564297e+01 -1.3433002394537844493898001322331e+01)
eps^4:  (-9.1083204621556967646044989634641e+01 +9.9860123599730639637556774638255e+00)

n. 23, MI[1,1,1,0,1,1,1,0,0]
eps^-4: (-1.8518518518518518518518518518519e-02 0)
eps^-3: (+8.1447262864229273648835724145918e-02 0)
eps^-2: (-2.1904368960087405380140168377855e-01 0)
eps^-1: (+8.1540801665657541707166538256648e-01 -2.1875205567574744947563569765055e-01)
eps^0:  (-6.1672109927955704485512013773863e-01 +2.2567724435581707052737464434495e+00)
eps^1:  (-2.5735944841389382474506078363963e+00 -1.1005111598681183604023557686915e+00)
eps^2:  (+1.2131971413845131337222103294109e+00 -1.3401829076637682701245239714564e+00)
eps^3:  (+9.4064943909431723691235982308496e+00 -2.1599208897338058175522123020585e+00)
eps^4:  (+4.8685688035327661403075161000920e+01 +8.1794866238495869327900333680496e-01)

n. 24, MI[0,1,1,1,1,1,1,0,0]
eps^-4: (-3.7037037037037037037037037037037e-03 0)
eps^-3: (+1.6289452572845854729767144829184e-02 0)
eps^-2: (-1.6376106210202186061147170044005e-01 0)
eps^-1: (+3.3324911649976413934133583412338e-01 0)
eps^0:  (-1.5534114240164307606554829175946e+00 +1.9765355951000103470427372959787e+00)
eps^1:  (-5.8184747521986285217840962325795e+00 -9.5411460303316020617737983834153e-01)
eps^2:  (-1.0578399147863186763094093065032e+01 -1.6143567439973278743045761239850e+00)
eps^3:  (-3.5149855747580811307732892973884e+01 -1.9496952202256362014745382372341e+00)
eps^4:  (-1.2234800471393595235873601202503e+02 +5.5928733551385089053336857862463e-01)

n. 25, MI[0,1,1,0,1,1,1,0,0]
eps^-4: (-1.8518518518518518518518518518519e-02 0)
eps^-3: (+8.1447262864229273648835724145918e-02 0)
eps^-2: (-4.5326440676605898384126624294555e-01 0)
eps^-1: (+9.9841120924717724320818381946101e-02 0)
eps^0:  (-4.4235132992090555137967041422878e+00 0)
eps^1:  (-6.9550793830945524204628227816058e+00 0)
eps^2:  (-5.0638819156697186076307634796782e+01 0)
eps^3:  (-1.5475089019043315437260081188082e+02 0)
eps^4:  (-7.1633176644128407937410475180497e+02 0)

n. 26, MI[1,1,1,1,1,1,1,-1,0]
eps^-4: (+2.3333333333333333333333333333333e-02 0)
eps^-3: (-1.0237510080895774173130714985123e-01 +6.2831853071795864769252867665590e-02)
eps^-2: (-5.0802693361537214506079676564434e-02 +4.7343825894765965307807331935342e-02)
eps^-1: (-2.7474466992803448926391398146145e+00 -4.6376439343494952590145008919717e+00)
eps^0:  (+1.4390056616907909350034811755145e+01 -1.5187820603634811203094539223869e+01)
eps^1:  (+2.8283974776981464896330674628054e+01 -1.0357215540907073400080027660816e+01)
eps^2:  (+8.1633685737782168944084338704204e+01 -4.1248938860495184372515743018916e+00)
eps^3:  (+3.6062384824186461499239590022503e+01 +3.6638813970275501311520840583114e+01)
eps^4:  (+9.0648652627758306506838511757776e+01 -1.5243970542284950794926372882677e+01)

n. 27, MI[1,1,1,1,1,0,1,0,0]
eps^-4: (+1.0000000000000000000000000000000e-02 0)
eps^-3: (-4.3733071546712664704145428466172e-02 +6.2831853071795864769252867665590e-02)
eps^-2: (-1.9516307333881407397773572526203e-02 -2.7478299258013864726409968733181e-01)
eps^-1: (+5.9655869320665694423510074285954e-01 +7.0420946931735033756051348811521e-01)
eps^0:  (-2.5738625520939826138658314042318e+00 +1.3228957214173354470082085067205e-01)
eps^1:  (+1.7235440780675226449014970040429e+00 -4.7288902191035663812258634339711e+00)
eps^2:  (+5.2398618415588891897565890464397e+00 +3.0532792716868539614753976327827e+00)
eps^3:  (-1.2360588611249984789903721399887e+00 +3.2651129912129172453686928310210e+00)
eps^4:  (-8.5289642910244092268847887848971e-01 +1.2127032272295458069215857531093e+00)

n. 28, MI[0,1,1,1,1,0,1,0,0]
eps^-4: (0 0)
eps^-3: (0 0)
eps^-2: (+1.6449340668482264364724151666460e-01 0)
eps^-1: (-5.9917450203502577065548502467801e-01 +1.0335425560099940058492105022367e+00)
eps^0:  (-1.9831661888134931483169693240971e+00 -3.7647244276231191594328286103292e+00)
eps^1:  (+8.1366421280229919650254495485165e+00 +1.1402742200975646253762303909520e+00)
eps^2:  (-7.5477566753290851358800859169438e+00 +1.5822425622288357660264297153232e+00)
eps^3:  (+1.7210845551371999742647957272135e+01 +3.3775213216658409877629849498065e+00)
eps^4:  (-3.4695769337404052293563281352892e+01 -1.4283494956265889006304780784110e+00)

