n. 0, MI[0,0,2,2,0,0,1,0,0]
eps^-4: (0 0)
eps^-3: (0 0)
eps^-2: (-8.0000000000000000000000000000000e-01 0)
eps^-1: (+1.2805747459451881861964914886276e+00 0)
eps^0:  (+2.9102745350821660735008843130852e-01 0)
eps^1:  (+8.6979605540699695771990390149017e+00 0)
eps^2:  (-2.6138885411812640254221896863622e+00 0)
eps^3:  (+2.0815617265191679059912468101138e+01 0)
eps^4:  (-3.3536314995631480409481569106706e+01 0)

n. 1, MI[1,0,1,0,0,1,2,0,0]
eps^-4: (0 0)
eps^-3: (0 0)
eps^-2: (0 0)
eps^-1: (+3.0867682228061699009912643407412e+00 0)
eps^0:  (+9.3474118349228891439056184432694e+00 0)
eps^1:  (+4.7353629448040539806358222299909e+01 0)
eps^2:  (+1.5873254464094847296901103338106e+02 0)
eps^3:  (+6.5849470395651892999324674215432e+02 0)
eps^4:  (+2.4810248103937186991083531959483e+03 0)

n. 2, MI[1,0,1,0,0,2,1,0,0]
eps^-4: (0 0)
eps^-3: (0 0)
eps^-2: (0 0)
eps^-1: (0 0)
eps^0:  (-2.9247621071661550826479628906571e+00 0)
eps^1:  (-1.9581774230150604259013865565294e+00 0)
eps^2:  (-1.8357948849670970336282166053080e+01 0)
eps^3:  (-8.6656593962467269275323477158002e+00 0)
eps^4:  (-7.8400309781371794966863924511288e+01 0)

n. 3, MI[1,0,1,0,0,2,2,-1,0]
eps^-4: (0 0)
eps^-3: (0 0)
eps^-2: (0 0)
eps^-1: (+3.0867682228061699009912643407412e+00 0)
eps^0:  (+1.2596186173369073863240184234095e+01 0)
eps^1:  (+6.4090275694871257668268072629919e+01 0)
eps^2:  (+2.3508185468735858224544531192780e+02 0)
eps^3:  (+9.6729413384216914900373646120063e+02 0)
eps^4:  (+3.7196139085253847641279827557456e+03 0)

n. 4, MI[1,0,2,0,0,1,2,-1,0]
eps^-4: (0 0)
eps^-3: (0 0)
eps^-2: (-4.0000000000000000000000000000000e-01 0)
eps^-1: (+6.4028737297259409309824574431379e-01 0)
eps^0:  (+1.4551372675410830367504421565426e-01 0)
eps^1:  (+1.2393854638890436001204066818373e+01 0)
eps^2:  (+2.4353761202161275722865265134413e+01 0)
eps^3:  (+1.2452810642283576707187390558710e+02 0)
eps^4:  (+3.4399473614497233747684982383931e+02 0)

n. 5, MI[1,0,2,0,0,2,1,-1,0]
eps^-4: (0 0)
eps^-3: (0 0)
eps^-2: (0 0)
eps^-1: (0 0)
eps^0:  (-3.0867682228061699009912643407412e+00 0)
eps^1:  (-6.4226497277567340612576555526123e+00 0)
eps^2:  (-4.5395452025025479380456835743380e+01 0)
eps^3:  (-1.4037459579127750263272886732798e+02 0)
eps^4:  (-6.4982904456027220306571439443852e+02 0)

n. 6, MI[2,0,1,0,0,1,2,-1,0]
eps^-4: (0 0)
eps^-3: (0 0)
eps^-2: (-4.0000000000000000000000000000000e-01 0)
eps^-1: (+6.4028737297259409309824574431379e-01 0)
eps^0:  (+1.4551372675410830367504421565426e-01 0)
eps^1:  (+1.2393854638890436001204066818373e+01 0)
eps^2:  (+2.4353761202161275722865265134413e+01 0)
eps^3:  (+1.2452810642283576707187390558710e+02 0)
eps^4:  (+3.4399473614497233747684982383931e+02 0)

n. 7, MI[2,0,1,0,0,2,1,-1,0]
eps^-4: (0 0)
eps^-3: (0 0)
eps^-2: (0 0)
eps^-1: (0 0)
eps^0:  (-3.0867682228061699009912643407412e+00 0)
eps^1:  (-6.4226497277567340612576555526123e+00 0)
eps^2:  (-4.5395452025025479380456835743380e+01 0)
eps^3:  (-1.4037459579127750263272886732798e+02 0)
eps^4:  (-6.4982904456027220306571439443852e+02 0)

n. 8, MI[1,1,1,0,0,2,0,0,0]
eps^-4: (0 0)
eps^-3: (-8.0000000000000000000000000000000e-01 0)
eps^-2: (+1.1020599048938203815834554163797e+00 0)
eps^-1: (-7.5908502123411026540070460178838e-01 0)
eps^0:  (+2.9129535460352958021638884236109e+00 0)
eps^1:  (-1.0551045805592434730379314927757e+00 0)
eps^2:  (+4.1970245475159418741651483798220e+00 0)
eps^3:  (-1.9451399683921946024155482768594e+00 0)
eps^4:  (+5.1664518399020306599662643336867e+00 0)

n. 9, MI[0,1,0,0,0,2,2,0,0]
eps^-4: (0 0)
eps^-3: (0 0)
eps^-2: (0 0)
eps^-1: (-2.7725887222397812376689284858327e-01 +6.2831853071795864769252867665590e-01)
eps^0:  (-2.5022967773520696952453211040929e+00 -3.1982486770200322722484845192838e+00)
eps^1:  (+9.9273954988501169358281672632002e+00 -2.0731359619935330636637778299214e+00)
eps^2:  (-1.7870952874071081462820340000309e+00 +8.9870768868380061012984545362489e+00)
eps^3:  (+7.6814230787958130895461245563505e+00 +1.1600984036851789796144840511582e+01)
eps^4:  (-4.7996935216139050089058937992218e+01 -1.7545687160961606297488941242804e+00)

n. 10, MI[0,2,0,0,0,1,2,0,0]
eps^-4: (0 0)
eps^-3: (0 0)
eps^-2: (+2.5000000000000000000000000000000e-01 0)
eps^-1: (-1.1203844491227008016039345907910e+00 +1.8849555921538759430775860299677e+00)
eps^0:  (-5.2147412393828646073506840017556e+00 -7.0666468700041654757507747318392e+00)
eps^1:  (+1.7841551418439492484912474432451e+01 -6.2315029781490346544875373863180e+00)
eps^2:  (+5.8140779646206643149141979311231e+00 +1.8233321832130665202929812518283e+01)
eps^3:  (+1.5059874270276110781517985999063e+00 +2.6175449170437763018223628595558e+01)
eps^4:  (-6.7598948263006312973570648413306e+01 -1.8458480279055592424155639995088e+00)

n. 11, MI[0,2,0,0,0,2,1,0,0]
eps^-4: (0 0)
eps^-3: (0 0)
eps^-2: (0 0)
eps^-1: (-2.7725887222397812376689284858327e-01 +6.2831853071795864769252867665590e-01)
eps^0:  (-2.5022967773520696952453211040929e+00 -3.1982486770200322722484845192838e+00)
eps^1:  (+9.9273954988501169358281672632002e+00 -2.0731359619935330636637778299214e+00)
eps^2:  (-1.7870952874071081462820340000309e+00 +8.9870768868380061012984545362489e+00)
eps^3:  (+7.6814230787958130895461245563505e+00 +1.1600984036851789796144840511582e+01)
eps^4:  (-4.7996935216139050089058937992218e+01 -1.7545687160961606297488941242804e+00)

n. 12, MI[0,0,1,0,0,2,2,0,0]
eps^-4: (0 0)
eps^-3: (0 0)
eps^-2: (-2.5000000000000000000000000000000e-01 0)
eps^-1: (+2.8860783245076643030325604504120e-01 0)
eps^0:  (-2.2227565454641423827497070264852e+00 0)
eps^1:  (+2.3403846093525915135212108428148e-01 0)
eps^2:  (-1.9341034512648124566824418386004e+01 0)
eps^3:  (-3.2626178969664612505817148121305e+01 0)
eps^4:  (-2.2412570076277660818122035166035e+02 0)

n. 13, MI[0,1,1,1,0,1,1,0,0]
eps^-4: (0 0)
eps^-3: (0 0)
eps^-2: (0 0)
eps^-1: (+2.3916403292835475016599146131248e+00 +3.7319892029879592724233086707392e+00)
eps^0:  (-2.2552184362401551632118220091496e+00 +1.2439445968207050159989195226679e+01)
eps^1:  (+1.8194023463538282317081035972555e+00 +2.5414042184441386663663065326007e+01)
eps^2:  (+5.0389389814514285839183382029103e+00 +5.8905374545256901438052443604028e+01)
eps^3:  (+9.1241564889608340333054951085915e+01 +1.7067641204843709569066649539311e+02)
eps^4:  (+2.3163578693832891234634435268864e+02 +5.1877197658667525936909157870809e+02)

n. 14, MI[0,1,1,1,1,1,1,0,-1]
eps^-4: (0 0)
eps^-3: (0 0)
eps^-2: (0 0)
eps^-1: (+1.8582508716906274106313919888784e+00 -4.0801358625085060893733917957614e+00)
eps^0:  (+1.6107955065583293650945952849532e+01 -1.3432976526606136366790195125616e+01)
eps^1:  (+7.8601557405323909975354959930820e+01 -2.5008179132541478199906764218952e+01)
eps^2:  (+2.7920946396938655674140564338219e+02 -5.2376862215072114794428205869069e+01)
eps^3:  (+1.1457722931750126116298138998443e+03 -1.5427623559748546125185674236921e+02)
eps^4:  (+4.5677196675673727353059807317991e+03 -4.9220365180745515924291595362464e+02)

n. 15, MI[1,0,1,0,1,1,1,0,0]
eps^-4: (0 0)
eps^-3: (0 0)
eps^-2: (0 0)
eps^-1: (0 0)
eps^0:  (-8.3692169051314173356713575027395e+00 0)
eps^1:  (-3.2317020300473479813022217224105e+01 0)
eps^2:  (-1.6037104598566905226233983202913e+02 0)
eps^3:  (-6.0192745736332797194321092111358e+02 0)
eps^4:  (-2.5005777037576881550078483282650e+03 0)

n. 16, MI[1,0,1,1,1,0,1,0,0]
eps^-4: (0 0)
eps^-3: (0 0)
eps^-2: (0 0)
eps^-1: (0 0)
eps^0:  (-5.7698731351660525699187431752550e+00 0)
eps^1:  (-1.0096531272800757336763020201562e+01 0)
eps^2:  (-4.0460883561065748300216261725774e+01 0)
eps^3:  (-5.3639815089198770104688653435905e+01 0)
eps^4:  (-1.7154194725615069194236184880292e+02 0)

n. 17, MI[1,0,1,1,1,1,1,0,0]
eps^-4: (0 0)
eps^-3: (0 0)
eps^-2: (0 0)
eps^-1: (0 0)
eps^0:  (+1.0869747838017355604218013724864e+01 0)
eps^1:  (+6.0087130801233192150794758661553e+01 0)
eps^2:  (+2.6063130500966242509635177058579e+02 0)
eps^3:  (+1.0282597408992498028714972860767e+03 0)
eps^4:  (+4.0373053628283694467118727187019e+03 0)

n. 18, MI[1,1,1,1,1,1,0,0,0]
eps^-4: (0 0)
eps^-3: (0 0)
eps^-2: (+2.4694145782449359207930114725929e+00 0)
eps^-1: (+2.7983100964724631828877541295641e+00 0)
eps^0:  (+5.4473263749948875566398570611947e+00 0)
eps^1:  (+2.5787509122457148854454770057664e+00 0)
eps^2:  (+3.7809924096713551476662142241477e+00 0)
eps^3:  (-1.6127017799443751162148577279739e+00 0)
eps^4:  (+1.2073378727105450652419536827115e-01 0)

n. 19, MI[1,1,1,1,1,1,1,-1,-1]
eps^-4: (0 0)
eps^-3: (0 0)
eps^-2: (+9.8776583129797436831720458903717e+00 0)
eps^-1: (-2.9384392845600551466232818816779e+02 -4.0895176596528443123707868392150e+02)
eps^0:  (-1.0932426585559190861255532985524e+03 -3.5683337923242247731954777629586e+03)
eps^1:  (-1.1796492232784275667257423996927e+03 -1.6138676056910953599433218743671e+04)
eps^2:  (+6.1109798601133217822767694820124e+03 -5.3411609236455978998142076189487e+04)
eps^3:  (+3.7706281138984388294192311142615e+04 -1.4704305347368535481067396870778e+05)
eps^4:  (+1.3607014057057018449239594807722e+05 -3.6553696855817071133908660500435e+05)

n. 20, MI[1,1,1,1,1,1,1,0,-1]
eps^-4: (0 0)
eps^-3: (0 0)
eps^-2: (+2.4694145782449359207930114725929e+00 0)
eps^-1: (-8.0957825015261636640561393665539e+02 +4.6840542070666878668473308741753e+03)
eps^0:  (-1.5238092507286607042250963690423e+04 +2.6225231810434905473684554374950e+04)
eps^1:  (-8.5221688347749804426178885450545e+04 +1.0018398760873306841219827535745e+05)
eps^2:  (-3.4390004704671585025551742952922e+05 +2.8662741648998883900885106204663e+05)
eps^3:  (-1.1062932797938298849409100290700e+06 +7.3651841319875837598916036729173e+05)
eps^4:  (-3.1877038669310343025993399005366e+06 +1.7075392548668427974259899907103e+06)

n. 21, MI[1,1,1,0,1,1,1,-1,0]
eps^-4: (-1.3333333333333333333333333333333e-01 0)
eps^-3: (+8.9328116990435042620678415357736e-01 -1.6755160819145563938467431377491e+00)
eps^-2: (+5.4503118901797354655153739786354e+00 +7.1803435861569226774654633442169e+00)
eps^-1: (-7.3340330014197769826372123289593e+00 +2.1885264478748195263726820236678e+01)
eps^0:  (-2.2576605139806815373319712619302e+01 +2.5420711505234123812383411580738e+01)
eps^1:  (-6.1182793183713925430323338118275e+00 +4.5692371647746388245621916824050e+01)
eps^2:  (+2.7785845971231154870128268957061e+01 +1.7236295728509305214533468625097e+02)
eps^3:  (+6.4231866274948295330618976600586e+01 +5.9063053857231220023328751918183e+02)
eps^4:  (-2.1832482635164708320862035174728e+02 +1.8166109293070169906343754616155e+03)

n. 22, MI[1,1,1,1,1,1,1,0,0]
eps^-4: (+1.0666666666666666666666666666667e-01 0)
eps^-3: (-5.1066932224943462241321665122006e-01 +8.3775804095727819692337156887453e-01)
eps^-2: (+1.8438733366662796324436969392249e+01 +2.9440941488708016259782082291491e+01)
eps^-1: (-3.3013894367195995009654492359272e+02 +2.5713075994351313200272553115403e+03)
eps^0:  (-7.3393106221382889279198206027052e+03 +1.4435020608552192918138149222138e+04)
eps^1:  (-4.2631798794591077840522538048112e+04 +5.5199685720771872468143488573771e+04)
eps^2:  (-1.7404496942892291789602368767540e+05 +1.5927390489534577315660105635341e+05)
eps^3:  (-5.6456720371436678945894273784782e+05 +4.1085158720513003543640469122619e+05)
eps^4:  (-1.6299442158664104299868788322316e+06 +9.5866969056509119487935163072426e+05)

n. 23, MI[1,1,1,0,1,1,1,0,0]
eps^-4: (-4.1666666666666666666666666666667e-02 0)
eps^-3: (+2.7915036559510950818962004799293e-01 -5.2359877559829887307710723054658e-01)
eps^-2: (+1.7101617204020875425371115967273e+00 +2.4966672867796314708074251776690e+00)
eps^-1: (-6.1740249227039997093281856986548e+00 +2.8304410781510412110372741677947e+00)
eps^0:  (-1.3317142706113911461044947430011e+01 -1.0093956753137146197422838333361e+01)
eps^1:  (-2.3381798762670996145473976345654e+01 -2.9647809296729966571812398952228e+01)
eps^2:  (-7.9936543445625891583517490286691e+01 -4.6585579502348058749503282128953e+01)
eps^3:  (-3.7945187787816707455276428375014e+02 -8.1977493520452120911424668721028e+01)
eps^4:  (-1.6022072598388325846222799971693e+03 -2.1287008808002625904952985423983e+02)

n. 24, MI[0,1,1,1,1,1,1,0,0]
eps^-4: (-8.3333333333333333333333333333333e-03 0)
eps^-3: (+5.5830073119021901637924009598585e-02 -1.0471975511965977461542144610932e-01)
eps^-2: (+1.8309034117233103251102658540389e-01 +7.0158139024040080144105934161477e-01)
eps^-1: (-2.6963590126194421695301738998758e+00 -3.2114458823056586023752374809257e+00)
eps^0:  (+2.9647719011209904087584568948033e+00 -1.6784568360237325069356589211473e+01)
eps^1:  (+2.4835365452185800558448747473144e+01 -3.7255183313417538293022639101527e+01)
eps^2:  (+8.8068395707026947055149001954142e+01 -7.6709467791097249954235268343193e+01)
eps^3:  (+3.0727118528489356867166832285743e+02 -2.0046380449803298207375430743961e+02)
eps^4:  (+1.2379443579781614200662484994094e+03 -5.9878040904777927487385881439743e+02)

n. 25, MI[0,1,1,0,1,1,1,0,0]
eps^-4: (+1.0416666666666666666666666666667e-02 0)
eps^-3: (-6.9787591398777377047405011998231e-02 +1.3089969389957471826927680763665e-01)
eps^-2: (-4.3447968482144209519783512758562e-01 -8.7697673780050100180132417701846e-01)
eps^-1: (+3.0340055111527718279261886573940e+00 -4.3089540106794976630527005652083e-01)
eps^0:  (+1.1140374769677023108976035539760e+00 +2.5996334204565306961843072859239e+00)
eps^1:  (+7.4734256634038566394231340534982e+00 +3.1358302526872567383810828515117e+00)
eps^2:  (+1.1650362976533870812964751412219e+01 -6.5035665921861035176694614033612e-01)
eps^3:  (+1.1055422438085542254071455020434e+02 -3.8444468490564716084961834882621e+00)
eps^4:  (+3.5300070483445550649206253442866e+02 -3.1519701275477878812148796305273e+00)

n. 26, MI[1,1,1,1,1,1,1,-1,0]
eps^-4: (+3.7333333333333333333333333333333e-01 0)
eps^-3: (-1.6853648210359983191701529434493e+00 +2.6808257310632902301547890203985e+00)
eps^-2: (+3.5366696657470059602985486085351e+01 +5.7272665291722424890379451375416e+01)
eps^-1: (-5.1128522291053684655644668591830e+02 +2.4386238493264383204500770220165e+03)
eps^0:  (-7.9512650523353613540680305076526e+03 +1.2777579812032095192312897512089e+04)
eps^1:  (-4.3617563877324597467393063542456e+04 +4.7100152849741397765736170494862e+04)
eps^2:  (-1.7141858663830855113660333649319e+05 +1.3181712037239672560725818968206e+05)
eps^3:  (-5.4675116727642253854314489873328e+05 +3.3397039546295679899844600614557e+05)
eps^4:  (-1.5607170660665393520243587541035e+06 +7.6574863369565938804081376469863e+05)

n. 27, MI[1,1,1,1,1,0,1,0,0]
eps^-4: (+1.6000000000000000000000000000000e-01 0)
eps^-3: (-2.5611494918903763723929829772552e-01 0)
eps^-2: (+1.5209312134726540575435008737185e+00 0)
eps^-1: (+1.5025277946511553309049171588454e+00 0)
eps^0:  (+1.6221884565964783278056354328169e+00 0)
eps^1:  (-6.2393514978887309227124067326746e+00 0)
eps^2:  (-1.8782414305191774052679865166923e+01 0)
eps^3:  (-4.7569104965310258481501021190238e+01 0)
eps^4:  (-9.2763443292092995483811139506699e+01 0)

n. 28, MI[0,1,1,1,1,0,1,0,0]
eps^-4: (0 0)
eps^-3: (0 0)
eps^-2: (-6.5797362673929057458896606665841e-01 0)
eps^-1: (+5.7240775111153867066261232432427e-01 0)
eps^0:  (-9.3915947766054323549198767279298e-01 0)
eps^1:  (+7.6210353571757425050342042377364e+00 0)
eps^2:  (+1.5267148658216203908254512398963e+00 0)
eps^3:  (+3.6210329070398968210892558034070e+01 0)
eps^4:  (+5.6232850194978893394102862493359e+00 0)

