n. 0, MI[1,0,0,0,1,1,2,0,0]
eps^-4: (0 0)
eps^-3: (0 0)
eps^-2: (0 0)
eps^-1: (+2.7631436760182152881725347029301e+00 0)
eps^0:  (+4.9942665436243590305496833893555e+00 0)
eps^1:  (+2.4011929496217622676446008079277e+01 0)
eps^2:  (+6.0829071547271372250726483263523e+01 0)
eps^3:  (+2.7562299272077895986319568797665e+02 0)
eps^4:  (+9.9231781169600941852941111231210e+02 0)

n. 1, MI[1,0,1,0,1,1,1,0,0]
eps^-4: (0 0)
eps^-3: (0 0)
eps^-2: (0 0)
eps^-1: (0 0)
eps^0:  (-6.4956834448808840664500365752164e+00 0)
eps^1:  (-1.7267766161130207885391704585813e+01 0)
eps^2:  (-6.9941875264368749897821541870922e+01 0)
eps^3:  (-1.4883533218936669602591833064806e+02 0)
eps^4:  (-4.3354194358150038189047897569632e+02 0)

n. 2, MI[2,0,1,0,1,1,1,0,0]
eps^-4: (0 0)
eps^-3: (0 0)
eps^-2: (-1.6666666666666666666666666666667e-01 0)
eps^-1: (+6.6089359100323241419484173518225e-01 0)
eps^0:  (-4.9443359318861486872530863596376e+00 0)
eps^1:  (+6.6693365892695909956197097911116e-01 0)
eps^2:  (-1.9206601982783879203474092090135e+01 0)
eps^3:  (+8.1703028796148941850483494542774e+00 0)
eps^4:  (-1.5753903358743740748053737982192e+02 0)

n. 3, MI[0,0,2,2,0,0,1,0,0]
eps^-4: (0 0)
eps^-3: (0 0)
eps^-2: (0 0)
eps^-1: (-2.7725887222397812376689284858327e-01 +6.2831853071795864769252867665590e-01)
eps^0:  (-2.5022967773520696952453211040929e+00 -3.1982486770200322722484845192838e+00)
eps^1:  (+9.9273954988501169358281672632002e+00 -2.0731359619935330636637778299214e+00)
eps^2:  (-1.7870952874071081462820340000309e+00 +8.9870768868380061012984545362489e+00)
eps^3:  (+7.6814230787958130895461245563505e+00 +1.1600984036851789796144840511582e+01)
eps^4:  (-4.7996935216139050089058937992218e+01 -1.7545687160961606297488941242804e+00)

n. 4, MI[0,0,2,0,0,2,0,0,0]
eps^-4: (0 0)
eps^-3: (0 0)
eps^-2: (+1.0000000000000000000000000000000e+00 0)
eps^-1: (-1.1544313298030657212130241801648e+00 0)
eps^0:  (+2.3112899144636637851091674393565e+00 0)
eps^1:  (-2.9567553800979386922418768113639e+00 0)
eps^2:  (+3.9893102121315218528447893593801e+00 0)
eps^3:  (-4.8924230402605264307132041777190e+00 0)
eps^4:  (+5.8854304761519303518453150012476e+00 0)

n. 5, MI[0,0,2,1,1,1,0,0,0]
eps^-4: (0 0)
eps^-3: (+1.2500000000000000000000000000000e-01 0)
eps^-2: (-4.9087750650535586986024408324969e-01 +7.8539816339744830961566084581988e-01)
eps^-1: (-8.5201164602799091587648522655415e-01 -1.8202247559714382098099167508671e+00)
eps^0:  (+1.7841316652685574682979090583245e+00 +8.1733199724405468869812653430402e-01)
eps^1:  (-1.4292882648998306346377459343200e+00 -1.1528936301446291670283849531353e+00)
eps^2:  (+2.5207402209211787348028234236297e+00 +1.3965888850050554729365775656856e+00)
eps^3:  (-2.8025802049400086987295242277966e+00 -1.1567026647979878987073754866856e+00)
eps^4:  (+3.4054600514976891955827525719905e+00 +1.2745325916138600164030757971807e+00)

n. 6, MI[0,0,1,2,0,0,2,0,0]
eps^-4: (0 0)
eps^-3: (0 0)
eps^-2: (+2.5000000000000000000000000000000e-01 0)
eps^-1: (-1.1203844491227008016039345907910e+00 +1.8849555921538759430775860299677e+00)
eps^0:  (-5.2147412393828646073506840017556e+00 -7.0666468700041654757507747318392e+00)
eps^1:  (+1.7841551418439492484912474432451e+01 -6.2315029781490346544875373863180e+00)
eps^2:  (+5.8140779646206643149141979311231e+00 +1.8233321832130665202929812518283e+01)
eps^3:  (+1.5059874270276110781517985999063e+00 +2.6175449170437763018223628595558e+01)
eps^4:  (-6.7598948263006312973570648413306e+01 -1.8458480279055592424155639995088e+00)

n. 7, MI[0,0,2,1,0,0,2,0,0]
eps^-4: (0 0)
eps^-3: (0 0)
eps^-2: (0 0)
eps^-1: (-2.7725887222397812376689284858327e-01 +6.2831853071795864769252867665590e-01)
eps^0:  (-2.5022967773520696952453211040929e+00 -3.1982486770200322722484845192838e+00)
eps^1:  (+9.9273954988501169358281672632002e+00 -2.0731359619935330636637778299214e+00)
eps^2:  (-1.7870952874071081462820340000309e+00 +8.9870768868380061012984545362489e+00)
eps^3:  (+7.6814230787958130895461245563505e+00 +1.1600984036851789796144840511582e+01)
eps^4:  (-4.7996935216139050089058937992218e+01 -1.7545687160961606297488941242804e+00)

n. 8, MI[0,0,2,0,1,0,2,0,0]
eps^-4: (0 0)
eps^-3: (0 0)
eps^-2: (-2.5000000000000000000000000000000e-01 0)
eps^-1: (+2.8860783245076643030325604504120e-01 0)
eps^0:  (-2.2227565454641423827497070264852e+00 0)
eps^1:  (+2.3403846093525915135212108428148e-01 0)
eps^2:  (-1.9341034512648124566824418386004e+01 0)
eps^3:  (-3.2626178969664612505817148121305e+01 0)
eps^4:  (-2.2412570076277660818122035166035e+02 0)

n. 9, MI[1,0,1,1,1,0,1,0,0]
eps^-4: (0 0)
eps^-3: (0 0)
eps^-2: (0 0)
eps^-1: (+2.2925924260741528242092325679359e+00 +3.3964502035623497002719620174496e+00)
eps^0:  (-2.3457800333015639571394911368361e+00 +1.0840069567071966716290607354757e+01)
eps^1:  (+1.6890091038573147980091027621583e+00 +2.0928557488156685069279511034837e+01)
eps^2:  (+3.1477672915281221114583488899918e+00 +4.7603566362483564405019420961829e+01)
eps^3:  (+8.0589483673267113561143855847282e+01 +1.4018306218769481773332177132539e+02)
eps^4:  (+1.9070312399367384106667575775301e+02 +4.3059351366037711393600906766754e+02)

n. 10, MI[1,0,1,1,1,1,1,0,-1]
eps^-4: (0 0)
eps^-3: (0 0)
eps^-2: (+5.1808943925341536653235025679939e-01 0)
eps^-1: (-2.0902845193129048256337771942093e-01 +1.9393557180899829568675739766798e+00)
eps^0:  (-2.6385758836524129069846197856486e+00 -2.3232043937727708237527387532749e+00)
eps^1:  (+1.2944199033917261160558716200402e+01 -5.9522896627544423547977835086612e-01)
eps^2:  (+3.1545012562202480810838624542394e+01 +6.2894489031269375179491906318137e-01)
eps^3:  (+1.8931746688345064768530471184460e+02 +5.1293983391596083301280179527923e+00)
eps^4:  (+6.9284953046277796119892722586517e+02 +3.2126612742209590976122737605399e+00)

n. 11, MI[1,0,1,1,1,1,1,0,0]
eps^-4: (0 0)
eps^-3: (0 0)
eps^-2: (-3.4539295950227691102156683786626e-01 0)
eps^-1: (+7.1250040780606519442789328826460e-01 -4.4379126116940121284372548009078e-01)
eps^0:  (-2.4528703619740227705627101592685e+00 +5.1477433543349887759197417203192e+00)
eps^1:  (-2.4013542817149547049649524097200e+01 +9.6940637049580569686606263638699e+00)
eps^2:  (-9.3285856953127506949980355072689e+01 +2.3314023914863303173068312936067e+01)
eps^3:  (-3.5901074989174211673590110301136e+02 +6.6072744598198410774040391555909e+01)
eps^4:  (-1.3932896545294051268031125764781e+03 +2.0963458543099511835329770545968e+02)

n. 12, MI[1,1,0,1,1,1,1,0,-1]
eps^-4: (+8.3333333333333333333333333333333e-02 0)
eps^-3: (-2.6241027942376690941787567468981e-01 +2.6179938779914943653855361527329e-01)
eps^-2: (+4.4366936794647462524258096022661e-01 +1.0518106347269999416475762280558e-01)
eps^-1: (+3.0497465743897844223854097730330e-01 +4.8793956786090409125958651336727e+00)
eps^0:  (-4.2019891988747395463318178919077e+00 +3.2306099956927367731812920206261e+00)
eps^1:  (+1.2339314915940071381279822524191e+01 +1.3524774852866243834062371063014e+01)
eps^2:  (+1.8112462189491650989204439889893e+01 +4.7940238805752439266435657109354e+01)
eps^3:  (+9.3725939103304753016842727159565e+01 +1.5186421356019695576599664951407e+02)
eps^4:  (+1.9427756549459386985539266901767e+02 +4.4037462951164147627980068182363e+02)

n. 13, MI[1,1,1,1,1,1,1,0,0]
eps^-4: (-5.5555555555555555555555555555556e-02 0)
eps^-3: (+2.2425526157691995743881118667588e-01 -3.0543261909900767596164588448551e-01)
eps^-2: (+3.1303062290837474255286077451934e-01 +8.0685602881870100569148576181474e-01)
eps^-1: (-9.5665196638503229561798033837084e-01 +1.7740471865827085900317522084818e-02)
eps^0:  (+2.4049193783703804114524141551880e+00 +2.0922471566853752213513899119445e+00)
eps^1:  (-3.8713328790882881506438224210089e+00 +1.6837142265215719451549159293664e+01)
eps^2:  (-3.6428862393518355241963859019724e+01 +3.8523787477303593003243373721086e+01)
eps^3:  (-1.3085473528110551656117409156205e+02 +9.2492701469202569630442862001347e+01)
eps^4:  (-4.8043052484202031278777227767879e+02 +2.6409405756166740462088388621891e+02)

n. 14, MI[1,1,1,1,1,1,0,0,0]
eps^-4: (+1.5625000000000000000000000000000e-02 0)
eps^-3: (-1.0468138709816606557110751799735e-01 +1.9634954084936207740391521145497e-01)
eps^-2: (-7.4585383800902703312183210378908e-01 -9.9945271156876008507765141227618e-01)
eps^-1: (+3.5688132805643064930203139816425e+00 -9.5460922204137453418464726780824e-01)
eps^0:  (-5.0807460060856529004356414481132e-01 +6.6021213940248468000852992220618e+00)
eps^1:  (-6.7667450800173103072728771567619e+00 -2.5622704079955834518244020747420e+00)
eps^2:  (+1.6704424546379175291850802929156e+00 -3.7086250185447430709050930377296e+00)
eps^3:  (+1.8963437891598779924595436123666e+00 -2.0301924643960629273952129124453e+00)
eps^4:  (+3.0501148920213566282234127092470e+00 +3.2308473041052675772402142202525e+00)

n. 15, MI[1,1,1,1,1,1,1,-1,0]
eps^-4: (+4.1666666666666666666666666666667e-02 0)
eps^-3: (-2.0517775265349648144927894266891e-01 +3.2724923474893679567319201909161e-01)
eps^-2: (-6.6134148934072075740347688716110e-01 -1.1048683773984057968074400274991e+00)
eps^-1: (+2.3607143106024660643209137997509e+00 -9.8644127969842580991211200956425e-01)
eps^0:  (-2.4976712911391130749168082479778e+00 +7.1383326609940108253931121386089e-01)
eps^1:  (-4.4029251929880532375088155395513e+00 -1.4915203628930327659968512895591e+01)
eps^2:  (+4.8107037792053869531041847157090e+00 -2.9165691678517254282339466561074e+01)
eps^3:  (-9.4703647671377747904115721400258e+00 -6.4170895155242352979149971835812e+01)
eps^4:  (-8.3787759926348607216043184527654e+01 -1.8195667882728204089479068667214e+02)

n. 16, MI[0,1,1,1,1,1,1,0,0]
eps^-4: (+5.2083333333333333333333333333333e-03 0)
eps^-3: (-3.4893795699388688523702505999116e-02 +6.5449846949787359134638403818323e-02)
eps^-2: (-1.8720071341564237855181280906160e-01 -2.8048217133425479208849466188347e-01)
eps^-1: (+7.7558347760967001138162608626043e-01 +3.8832995928667621914906113112755e-01)
eps^0:  (-3.4740777681973335121751088172361e+00 +9.7729758990533395154773218298971e-01)
eps^1:  (-2.0248297126811433543858142797977e+00 -9.2331962002145684026810436570444e+00)
eps^2:  (+9.9202307509079229120869983673584e+00 -8.8483865633408512310182217688701e+00)
eps^3:  (+1.4205494962459206015946932629891e+01 -1.2558789914572152965435705651365e+01)
eps^4:  (+4.5075290177147545461479423061423e+01 -4.7018836214437201699186974839909e+01)

n. 17, MI[1,1,0,1,1,1,1,0,0]
eps^-4: (-9.7222222222222222222222222222222e-02 0)
eps^-3: (+2.5683025069998604316062755025543e-01 -1.7453292519943295769236907684886e-01)
eps^-2: (-4.4479028988657052807123406627492e-01 -7.0120708981799996109838415203720e-02)
eps^-1: (+1.1747262726085619425934711942558e+00 -2.3108471561067760839347360350728e+00)
eps^0:  (+2.9902554137667270017205278062154e+00 +1.7085118532247402802777258261192e+00)
eps^1:  (-2.4109717112620307948754073648484e+00 +8.7423266080616449947857678641491e-04)
eps^2:  (-3.2732736388035104632869528599056e+00 -1.1936889546505414621174461396843e+01)
eps^3:  (+7.8057802799451278673637169940082e+00 -4.6919211293250276093813745487246e+01)
eps^4:  (+6.8387450882385994976409717955607e+01 -1.3185299185636099513628190090574e+02)

n. 18, MI[0,1,1,0,1,1,1,0,0]
eps^-4: (0 0)
eps^-3: (0 0)
eps^-2: (0 0)
eps^-1: (0 0)
eps^0:  (+1.1670063947129097850115530032553e+00 -4.9438871346043638453600991271135e+00)
eps^1:  (+2.3177672995540555022168570103961e+01 -6.8937413384170943131987850267996e+00)
eps^2:  (+6.5330154520173443004074277062177e+01 -1.6521264412529494726514097749039e+01)
eps^3:  (+3.1248782337404178188402332454663e+02 -4.9149156589852997871313594663445e+01)
eps^4:  (+1.1842112971911156042628991836629e+03 -1.5980489695528564869592028305587e+02)

n. 19, MI[0,1,1,1,1,0,1,0,0]
eps^-4: (0 0)
eps^-3: (0 0)
eps^-2: (+2.0561675835602830455905189583075e-01 0)
eps^-1: (-6.8815400256373525746986769404645e-01 +1.7397146851490116713487558758100e+00)
eps^0:  (-5.2297754782683426548817945339577e+00 -3.5408053325353605005998365640434e+00)
eps^1:  (+4.6919045849603171173293445823677e+00 -3.6977881607586933595452518131222e+00)
eps^2:  (-1.4162661095354471714430832641869e+01 +9.3110884886267116715073583167095e-02)
eps^3:  (-2.6969986813745963168923361096132e+01 +6.4046041408516291323362294242267e+00)
eps^4:  (-2.2683053723645524818995270798219e+02 +4.3905805976416846708994477886438e+00)

n. 20, MI[1,1,0,1,1,0,1,0,0]
eps^-4: (-1.6666666666666666666666666666667e-01 0)
eps^-3: (+3.2756025766989908086150840184892e-01 0)
eps^-2: (-4.7731489406274299480581982280021e-02 0)
eps^-1: (+1.8090499101414087868289545607722e+00 0)
eps^0:  (-1.2035685699381426015660897153501e+00 0)
eps^1:  (+4.6553434858864381452674745045106e+00 0)
eps^2:  (-8.6188556372995586838208350035583e+00 0)
eps^3:  (+1.5418962289547537864421137741643e+01 0)
eps^4:  (-3.5921093585239193422125312732241e+01 0)

