n. 0, MI[0,0,2,2,0,0,1,0,0]
eps^-4: (0 0)
eps^-3: (0 0)
eps^-2: (+2.0000000000000000000000000000000e-01 0)
eps^-1: (-8.7466143093425329408290856932344e-01 +1.2566370614359172953850573533118e+00)
eps^0:  (-2.3642470268954998717223696504993e+00 -5.4956598516027729452819937466362e+00)
eps^1:  (+1.3351394753387395562649091978072e+01 +1.6816787142270786810197437354635e+00)
eps^2:  (-1.0238556595270700420279889477020e+01 +1.1569302467146543106056992722167e+01)
eps^3:  (+4.2774204590823078974581639697893e+00 +1.3220560999803381001558565983283e+00)
eps^4:  (-3.9375739033163091676975035051953e+01 -1.1216827498642004983377647174083e+01)

n. 1, MI[1,0,1,0,0,1,2,0,0]
eps^-4: (0 0)
eps^-3: (0 0)
eps^-2: (0 0)
eps^-1: (-6.2915887847157763249795600332101e-01 +1.3521695669718781091918063561547e+00)
eps^0:  (-5.5414842900046918465963748612705e+00 -1.1636062355670844418690243664031e+00)
eps^1:  (-6.6594732276200449241245609494755e+00 +1.1785806310897564934053049156034e+00)
eps^2:  (-5.0276707572142359436842235352196e+01 -1.1865221774319243590917519258430e+00)
eps^3:  (-1.4183715988235216720693374301664e+02 +1.4209472528712154894993038646521e+00)
eps^4:  (-6.6062166672339788610093629313997e+02 -1.1570488267221649464912581135204e+00)

n. 2, MI[1,0,1,0,0,2,1,0,0]
eps^-4: (0 0)
eps^-3: (0 0)
eps^-2: (0 0)
eps^-1: (0 0)
eps^0:  (-2.4718925435279914183414882464253e-01 -1.9765609105471018120159890725463e+00)
eps^1:  (+5.9303649188517475608114049151776e+00 +6.9293233212603686824149808862092e-01)
eps^2:  (-4.2127951380605648138953449284046e+00 -1.4843820590473735335370994469883e+00)
eps^3:  (+2.2879780731154880887663334625100e+01 +1.0033736055840687403047728945473e+00)
eps^4:  (-2.1047467025995881264851172906295e+01 -1.6284617531569312060080697535955e+00)

n. 3, MI[1,0,1,0,0,2,2,-1,0]
eps^-4: (0 0)
eps^-3: (0 0)
eps^-2: (0 0)
eps^-1: (-6.2915887847157763249795600332101e-01 +1.3521695669718781091918063561547e+00)
eps^0:  (-7.0469913013006462534264356925550e+00 -4.3582801217043003550140072664008e-01)
eps^1:  (-1.1812076888777681056505905756839e+01 -4.5569950791837552209124572858192e-01)
eps^2:  (-6.7808449165443014098986702179551e+01 -3.1374297429978490581824154162453e-01)
eps^3:  (-2.1951079429548200519295487909593e+02 +5.1276503591435511620572907513359e-02)
eps^4:  (-9.6534345351409810177965495207954e+02 +5.6383925863334826499279862188272e-02)

n. 4, MI[1,0,2,0,0,1,2,-1,0]
eps^-4: (0 0)
eps^-3: (0 0)
eps^-2: (+1.0000000000000000000000000000000e-01 0)
eps^-1: (-4.3733071546712664704145428466172e-01 +6.2831853071795864769252867665590e-01)
eps^0:  (-1.1821235134477499358611848252496e+00 -2.7478299258013864726409968733181e+00)
eps^1:  (+4.4934945850280765161803093810422e+00 +2.2558990502584805413468723566915e+00)
eps^2:  (-1.2497300673579276325238994665618e+01 -2.4050108472292875769626364508876e+00)
eps^3:  (+1.5469074502928857482033880994539e+00 +2.4533730929235678382597702199344e+00)
eps^4:  (-1.0736975945841986413494089957010e+02 -2.7649743338796936778030530133520e+00)

n. 5, MI[1,0,2,0,0,2,1,-1,0]
eps^-4: (0 0)
eps^-3: (0 0)
eps^-2: (0 0)
eps^-1: (0 0)
eps^0:  (+6.2915887847157763249795600332101e-01 -1.3521695669718781091918063561547e+00)
eps^1:  (+5.7886735443574909884305236859130e+00 +3.1401671461141862538850134389494e+00)
eps^2:  (+7.2910830876829736331315603429788e-01 -1.8715129632157933616468030042243e+00)
eps^3:  (+5.4489502710202924250737580280600e+01 +2.6709042364792978926288513728313e+00)
eps^4:  (+1.1895737915119728631927040839154e+02 -2.4243208584552842298040767591994e+00)

n. 6, MI[2,0,1,0,0,1,2,-1,0]
eps^-4: (0 0)
eps^-3: (0 0)
eps^-2: (+1.0000000000000000000000000000000e-01 0)
eps^-1: (-4.3733071546712664704145428466172e-01 +6.2831853071795864769252867665590e-01)
eps^0:  (-1.1821235134477499358611848252496e+00 -2.7478299258013864726409968733181e+00)
eps^1:  (+4.4934945850280765161803093810422e+00 +2.2558990502584805413468723566915e+00)
eps^2:  (-1.2497300673579276325238994665618e+01 -2.4050108472292875769626364508876e+00)
eps^3:  (+1.5469074502928857482033880994539e+00 +2.4533730929235678382597702199344e+00)
eps^4:  (-1.0736975945841986413494089957010e+02 -2.7649743338796936778030530133520e+00)

n. 7, MI[2,0,1,0,0,2,1,-1,0]
eps^-4: (0 0)
eps^-3: (0 0)
eps^-2: (0 0)
eps^-1: (0 0)
eps^0:  (+6.2915887847157763249795600332101e-01 -1.3521695669718781091918063561547e+00)
eps^1:  (+5.7886735443574909884305236859130e+00 +3.1401671461141862538850134389494e+00)
eps^2:  (+7.2910830876829736331315603429788e-01 -1.8715129632157933616468030042243e+00)
eps^3:  (+5.4489502710202924250737580280600e+01 +2.6709042364792978926288513728313e+00)
eps^4:  (+1.1895737915119728631927040839154e+02 -2.4243208584552842298040767591994e+00)

n. 8, MI[1,1,1,0,0,2,0,0,0]
eps^-4: (0 0)
eps^-3: (+2.0000000000000000000000000000000e-01 0)
eps^-2: (-5.5277384844743321916275670267820e-01 +6.2831853071795864769252867665590e-01)
eps^-1: (-2.2306312129047118998483608182565e-01 -1.7365902613790139362431253429133e+00)
eps^0:  (+1.3829618208002299490901911018649e+00 +1.3663116488870347216464003695951e+00)
eps^1:  (-1.3491427689909500325818492161472e+00 -1.3684502657772453407423099893253e+00)
eps^2:  (+2.1432132279406416471179433739572e+00 +1.6166156306005362288167977012602e+00)
eps^3:  (-2.5450883051727609173018634196795e+00 -1.5280219646082243724150781441938e+00)
eps^4:  (+3.1680645970296484347018194264082e+00 +1.5588342053258386892718913747224e+00)

n. 9, MI[0,1,0,0,0,2,2,0,0]
eps^-4: (0 0)
eps^-3: (0 0)
eps^-2: (0 0)
eps^-1: (+6.1086048791610337678901814117867e-01 0)
eps^0:  (-1.0597276522300559161806758419020e+00 0)
eps^1:  (+3.3585211048517906921993557718173e+00 0)
eps^2:  (-6.9835856934085952370782650947085e+00 0)
eps^3:  (+1.5297042533490636829239471245997e+01 0)
eps^4:  (-3.1854363402948112214558138397152e+01 0)

n. 10, MI[0,2,0,0,0,1,2,0,0]
eps^-4: (0 0)
eps^-3: (0 0)
eps^-2: (-4.0000000000000000000000000000000e-01 0)
eps^-1: (+7.0611672708766763920081692853739e-01 0)
eps^0:  (-1.7464497518556124264298881387300e+00 0)
eps^1:  (+4.0854384708884967001957714118435e+00 0)
eps^2:  (-7.6403550607384835607362050737128e+00 0)
eps^3:  (+1.6981700316826791328866073059828e+01 0)
eps^4:  (-3.2421235357617160548623477985704e+01 0)

n. 11, MI[0,2,0,0,0,2,1,0,0]
eps^-4: (0 0)
eps^-3: (0 0)
eps^-2: (0 0)
eps^-1: (+6.1086048791610337678901814117867e-01 0)
eps^0:  (-1.0597276522300559161806758419020e+00 0)
eps^1:  (+3.3585211048517906921993557718173e+00 0)
eps^2:  (-6.9835856934085952370782650947085e+00 0)
eps^3:  (+1.5297042533490636829239471245997e+01 0)
eps^4:  (-3.1854363402948112214558138397152e+01 0)

n. 12, MI[0,0,1,0,0,2,2,0,0]
eps^-4: (0 0)
eps^-3: (0 0)
eps^-2: (-2.5000000000000000000000000000000e-01 0)
eps^-1: (+2.8860783245076643030325604504120e-01 0)
eps^0:  (-2.2227565454641423827497070264852e+00 0)
eps^1:  (+2.3403846093525915135212108428148e-01 0)
eps^2:  (-1.9341034512648124566824418386004e+01 0)
eps^3:  (-3.2626178969664612505817148121305e+01 0)
eps^4:  (-2.2412570076277660818122035166035e+02 0)

n. 13, MI[0,1,1,1,0,1,1,0,0]
eps^-4: (0 0)
eps^-3: (0 0)
eps^-2: (0 0)
eps^-1: (+8.2614927968834976650874587147905e-02 +2.2098575192438868937890987743966e+00)
eps^0:  (-8.1238074643447416601374406682071e+00 +1.7131878421385146370470152738813e+00)
eps^1:  (-7.9905180043383448785743246434156e+00 -2.8032510988026818908611347746345e+00)
eps^2:  (-3.0255976596873649910424720008655e+01 -4.6651502670111958974342879852768e+00)
eps^3:  (-4.5401559006345649882049789699465e+01 -2.0535161211358544898669387286691e+00)
eps^4:  (-2.1887626008070852523927398183570e+02 +5.3303562041410620742235688503541e-01)

n. 14, MI[0,1,1,1,1,1,1,0,-1]
eps^-4: (0 0)
eps^-3: (0 0)
eps^-2: (0 0)
eps^-1: (-1.1557583696147569530359288249155e+00 +8.7424260380558009730308765381769e-01)
eps^0:  (-4.5902278503851294864082790371622e+00 -3.6050524927157807325431182207892e+00)
eps^1:  (-5.3547496939327256031861392309000e+00 +1.8834589481638561853109047164716e+00)
eps^2:  (-6.7169057123655582105058556070992e+01 +2.1090482388349277413172080137325e+00)
eps^3:  (-2.3569971562892273265016279298591e+02 +3.6537894455676474854031342228526e+00)
eps^4:  (-1.0963015697512986350561452562357e+03 -1.3969387275605245255932821791098e+00)

n. 15, MI[1,0,1,0,1,1,1,0,0]
eps^-4: (0 0)
eps^-3: (0 0)
eps^-2: (0 0)
eps^-1: (0 0)
eps^0:  (+2.0066547701658633824649688835667e+00 -3.2978021182012583651852144028829e+00)
eps^1:  (+1.7102693796111207471799234180907e+01 +2.7929805218278395566710444040976e+00)
eps^2:  (+2.9482739243724473281269370635887e+01 +2.7026419201294426961972485471610e+00)
eps^3:  (+1.6781553880554333461338742981572e+02 +3.4264993309408252445202742037606e+00)
eps^4:  (+5.7779920279997483446174525865489e+02 -1.6284808465513022502586954303037e+00)

n. 16, MI[1,0,1,1,1,0,1,0,0]
eps^-4: (0 0)
eps^-3: (0 0)
eps^-2: (0 0)
eps^-1: (0 0)
eps^0:  (+1.4424682837915131424796857938137e+00 0)
eps^1:  (-1.4752384776287322343489050919851e+00 +9.0632955267913894252883419038061e+00)
eps^2:  (-1.9812038063759404113631214801752e+01 -9.2691967272228314567202886846811e+00)
eps^3:  (+1.9062437864553666048404532142513e+01 -5.2145179080373991582984665578974e+00)
eps^4:  (-3.8121496848357167570208939239510e+01 -2.2049102418279752742143380507309e+00)

n. 17, MI[1,0,1,1,1,1,1,0,0]
eps^-4: (0 0)
eps^-3: (0 0)
eps^-2: (0 0)
eps^-1: (0 0)
eps^0:  (+1.7393970789869699222691760616895e-01 -1.3762865246759121222887129129469e+00)
eps^1:  (+7.6116518772839299775012533997205e+00 -2.8004957248648862116137287160293e+00)
eps^2:  (+2.0312224077565807143997067546540e+01 +4.8187322064375069751952314467791e+00)
eps^3:  (+6.0018394345371140974338975641848e+01 +3.6753220052656019717982614735559e+00)
eps^4:  (+2.4720988360484920033752408710473e+02 +4.1100493454400746934668231737960e-01)

n. 18, MI[1,1,1,1,1,1,0,0,0]
eps^-4: (0 0)
eps^-3: (0 0)
eps^-2: (+1.2583177569431552649959120066420e-01 -2.7043391339437562183836127123093e-01)
eps^-1: (+1.2071725597420580260529345021111e+00 +1.0233456113322576131802005022991e+00)
eps^0:  (-3.2742973383170291062306948302870e+00 +2.0681869580972318699558841519436e+00)
eps^1:  (-1.1711211083968211757312425755674e+00 -5.3210150919529593943857918369825e+00)
eps^2:  (+4.1484566691049202927952375367643e+00 +8.9002300947430514573676325943647e-01)
eps^3:  (-8.1693206620293083559821234650081e-01 +4.4631727474381715007541195318541e-01)
eps^4:  (+7.0349392223542635818482960376805e-01 +1.7066530584328142941599574167345e+00)

n. 19, MI[1,1,1,1,1,1,1,-1,-1]
eps^-4: (0 0)
eps^-3: (0 0)
eps^-2: (-3.1457943923578881624897800166051e-01 +6.7608478348593905459590317807734e-01)
eps^-1: (-2.1284878006647359917236176473982e+00 -2.0088625027114395831443649421040e+00)
eps^0:  (+1.2588019113298212054675400027898e+01 -6.2896453602543714384001126030238e+00)
eps^1:  (+2.6996287248051611213210453516294e+01 +3.4489573658258395686367071004358e+01)
eps^2:  (-1.3947538333100518217488292970450e+01 +5.9867479652542269407604595832204e+01)
eps^3:  (-1.8315698636427222398946078353960e+01 +1.3148081667355111428058522243638e+02)
eps^4:  (-2.3081785567374237661144319827215e+02 +2.1639192968566221090305745778245e+02)

n. 20, MI[1,1,1,1,1,1,1,0,-1]
eps^-4: (0 0)
eps^-3: (0 0)
eps^-2: (+1.2583177569431552649959120066420e-01 -2.7043391339437562183836127123093e-01)
eps^-1: (-2.0192016779821205957279935719143e+00 +1.6598768761193106045809883790962e+01)
eps^0:  (-7.8204443586692854366268109166993e+01 +1.6027555898980174436845996448440e+01)
eps^1:  (-1.1969271059659554654932352863960e+02 -7.6044585457150629618742695386065e+01)
eps^2:  (-2.3718995767477859487599061822226e+02 -1.7925830672760377751239011273094e+02)
eps^3:  (-2.6493487700262207445114524256836e+02 -4.0252457892535044287405640519221e+02)
eps^4:  (-9.7730358441207879865231546807373e+02 -5.8028893412191173663947513552435e+02)

n. 21, MI[1,1,1,0,1,1,1,-1,0]
eps^-4: (+3.3333333333333333333333333333333e-02 0)
eps^-3: (-1.6065314190998953273157110090789e-01 0)
eps^-2: (+3.2215875469297702156593665187783e-01 0)
eps^-1: (-1.8473673495068587810415079544246e+00 +1.6371575169806692755774513374438e+00)
eps^0:  (-4.4938185125160877754921962652270e+00 -4.6304266198489887916096766224186e+00)
eps^1:  (-5.1613113513769257335897650084232e-01 +1.4707333618224100281239220988600e+00)
eps^2:  (-4.0942910201944990773732438769953e+01 +8.9285048912532569255697822541959e-01)
eps^3:  (-1.1301357265015254046149723912800e+02 +4.0830010082577318521040020354725e+00)
eps^4:  (-5.4758039900578789669882924305377e+02 -2.0486226820255115997696357395051e+00)

n. 22, MI[1,1,1,1,1,1,1,0,0]
eps^-4: (-1.0666666666666666666666666666667e-02 0)
eps^-3: (+4.9623857000682972427972391568048e-02 -2.5132741228718345907701147066236e-02)
eps^-2: (+2.9433776635507193597544409182765e-01 -4.9964673984027090736778805734000e-01)
eps^-1: (+1.8087617140688799000450601787795e+00 +5.5655349277070200515903092099112e+00)
eps^0:  (-2.0611006543762874896764597885979e+01 +6.1250469670104719603041398009246e+00)
eps^1:  (-2.3135719210698769018370711479229e+01 -1.3046891317236953748526904675700e+01)
eps^2:  (-6.2932292738454711010506977241479e+01 -3.8595723573569292964093189184987e+01)
eps^3:  (-1.0925547347567249843852394142389e+01 -7.9347649722093605544679197072189e+01)
eps^4:  (-1.6373605826324407949178239116211e+02 -1.0400789546036600362922465191921e+02)

n. 23, MI[1,1,1,0,1,1,1,0,0]
eps^-4: (-1.6666666666666666666666666666667e-02 0)
eps^-3: (+8.0326570954994766365785550453947e-02 0)
eps^-2: (-2.1692567189096445459401616194909e-01 0)
eps^-1: (+7.8630138544849368058958290628841e-01 -2.1289150294349033147316078009819e-01)
eps^0:  (-7.3711885414552980031601525049787e-01 +2.2265556789445415519482406542381e+00)
eps^1:  (-3.0751547368265560226758790600707e+00 -1.1404510198420795623309183019061e+00)
eps^2:  (-1.1645336151810313767332171269439e+00 -1.3467722910780657185943656267388e+00)
eps^3:  (-1.1315716833165182190744114691324e+00 -2.1372115764132553743850132133152e+00)
eps^4:  (+3.9871312637823419717806647938278e+00 +8.4025662023133329465954339407351e-01)

n. 24, MI[0,1,1,1,1,1,1,0,0]
eps^-4: (-3.3333333333333333333333333333333e-03 0)
eps^-3: (+1.6065314190998953273157110090789e-02 0)
eps^-2: (-1.5385953268770270342653810786380e-01 0)
eps^-1: (+3.6338196144954058056520657712187e-01 0)
eps^0:  (-1.3870826545212272428387322154608e+00 +1.9412856391012832563862151293444e+00)
eps^1:  (-5.0693133194259680122231498848419e+00 -9.9632220802274371982896830630428e-01)
eps^2:  (-7.6263234824173095596826321226433e+00 -1.6206536039365704158686411526352e+00)
eps^3:  (-2.3329205045294913416653777729936e+01 -1.9259405342622142075009504209840e+00)
eps^4:  (-7.4388536486882059868397757468816e+01 +5.8276851915723832345880194761413e-01)

n. 25, MI[0,1,1,0,1,1,1,0,0]
eps^-4: (-1.6666666666666666666666666666667e-02 0)
eps^-3: (+8.0326570954994766365785550453947e-02 0)
eps^-2: (-4.4031085006886822983820750598980e-01 0)
eps^-1: (+1.5415730025991586421402403544498e-01 0)
eps^0:  (-4.1626554065892306482473019336858e+00 0)
eps^1:  (-5.9007718158697368680036728797804e+00 0)
eps^2:  (-4.6370618993146973219133198952881e+01 0)
eps^3:  (-1.3767593351349873820661829633757e+02 0)
eps^4:  (-6.4798943755422103425735652129872e+02 0)

n. 26, MI[1,1,1,1,1,1,1,-1,0]
eps^-4: (+2.3333333333333333333333333333333e-02 0)
eps^-3: (-1.0799432831070847779677386882933e-01 +6.2831853071795864769252867665590e-02)
eps^-2: (-4.1057844371987397198816911987282e-01 +4.7314640568017614215792563089811e-01)
eps^-1: (-7.5720526100763159684908493942240e-01 -1.4203699733016604661663793695034e+01)
eps^0:  (+5.8995394845724722292056370934389e+01 -1.4229189608671603194105551120177e+01)
eps^1:  (+7.8975816148104405853942014043201e+01 +4.4916021515197208819548541214285e+01)
eps^2:  (+1.7871556969270585776458037909296e+02 +1.2687543011117798577968737300914e+02)
eps^3:  (+6.2171695322010692072897864388062e+01 +2.7571403496296113403299614920754e+02)
eps^4:  (+3.6691471202164134106783225915957e+02 +3.7739137443655373832008888253890e+02)

n. 27, MI[1,1,1,1,1,0,1,0,0]
eps^-4: (+1.0000000000000000000000000000000e-02 0)
eps^-3: (-4.3733071546712664704145428466172e-02 +6.2831853071795864769252867665590e-02)
eps^-2: (-1.9516307333881407397773572526203e-02 -2.7478299258013864726409968733181e-01)
eps^-1: (+5.9655869320665694423510074285954e-01 +7.0420946931735033756051348811521e-01)
eps^0:  (-2.5738625520939826138658314042318e+00 +1.3228957214173354470082085067205e-01)
eps^1:  (+1.7235440780675226449014970040429e+00 -4.7288902191035663812258634339711e+00)
eps^2:  (+5.2398618415588891897565890464397e+00 +3.0532792716868539614753976327827e+00)
eps^3:  (-1.2360588611249984789903721399887e+00 +3.2651129912129172453686928310210e+00)
eps^4:  (-8.5289642910244092268847887848971e-01 +1.2127032272295458069215857531093e+00)

n. 28, MI[0,1,1,1,1,0,1,0,0]
eps^-4: (0 0)
eps^-3: (0 0)
eps^-2: (+1.6449340668482264364724151666460e-01 0)
eps^-1: (-5.9917450203502577065548502467801e-01 +1.0335425560099940058492105022367e+00)
eps^0:  (-1.9831661888134931483169693240971e+00 -3.7647244276231191594328286103292e+00)
eps^1:  (+8.1366421280229919650254495485165e+00 +1.1402742200975646253762303909520e+00)
eps^2:  (-7.5477566753290851358800859169438e+00 +1.5822425622288357660264297153232e+00)
eps^3:  (+1.7210845551371999742647957272135e+01 +3.3775213216658409877629849498065e+00)
eps^4:  (-3.4695769337404052293563281352892e+01 -1.4283494956265889006304780784110e+00)

