n. 0, MI[0,0,1,1,0,1,2,0,0]
eps^-4: (0 0)
eps^-3: (0 0)
eps^-2: (0 0)
eps^-1: (0 0)
eps^0:  (-3.0557594468849613117466747896576e+00 0)
eps^1:  (-6.5106503952998762811461256097400e+00 0)
eps^2:  (-4.7014286445866902304804432347032e+01 0)
eps^3:  (-1.5171371151494562301547932462945e+02 0)
eps^4:  (-7.0848512893188190392214413817624e+02 0)

n. 1, MI[0,0,1,2,0,0,2,0,0]
eps^-4: (0 0)
eps^-3: (0 0)
eps^-2: (0 0)
eps^-1: (0 0)
eps^0:  (-9.1033446501628070679541275136366e-01 0)
eps^1:  (+2.1968930705357989746061616962357e+00 0)
eps^2:  (-6.2829963105530711147912436801237e+00 0)
eps^3:  (+1.3795933815829007978568637642327e+01 0)
eps^4:  (-3.0421505973315984186099150761436e+01 0)

n. 2, MI[0,0,2,1,0,0,2,0,0]
eps^-4: (0 0)
eps^-3: (0 0)
eps^-2: (0 0)
eps^-1: (+4.1640970324367087134161585001634e-01 0)
eps^0:  (-1.1088453835570301825241077477073e+00 0)
eps^1:  (+3.0684439846157624483370108403017e+00 0)
eps^2:  (-6.9081523448833893730533274954416e+00 0)
eps^3:  (+1.5121709761423396737993346860795e+01 0)
eps^4:  (-3.1541589459186079311935052788200e+01 0)

n. 3, MI[0,0,2,2,0,0,1,0,0]
eps^-4: (0 0)
eps^-3: (0 0)
eps^-2: (0 0)
eps^-1: (+4.1640970324367087134161585001634e-01 0)
eps^0:  (-1.1088453835570301825241077477073e+00 0)
eps^1:  (+3.0684439846157624483370108403017e+00 0)
eps^2:  (-6.9081523448833893730533274954416e+00 0)
eps^3:  (+1.5121709761423396737993346860795e+01 0)
eps^4:  (-3.1541589459186079311935052788200e+01 0)

n. 4, MI[0,1,0,1,1,0,2,0,0]
eps^-4: (0 0)
eps^-3: (0 0)
eps^-2: (0 0)
eps^-1: (0 0)
eps^0:  (-9.2461418403525161597711558541655e-01 0)
eps^1:  (+2.1226003914563280734087631426019e+00 0)
eps^2:  (-6.2994693747633534758417015580373e+00 0)
eps^3:  (+1.3623303304409428673892112913072e+01 0)
eps^4:  (-3.0393119193286037280121017685966e+01 0)

n. 5, MI[0,1,0,1,2,0,2,0,-1]
eps^-4: (0 0)
eps^-3: (0 0)
eps^-2: (0 0)
eps^-1: (0 0)
eps^0:  (-6.5700860584198352925183516179861e-01 0)
eps^1:  (+2.0281664857659256127528409052826e+00 0)
eps^2:  (-5.6981890291292517469963516822246e+00 0)
eps^3:  (+1.3287098380283561696905443456541e+01 0)
eps^4:  (-2.9457476868792458130326378030974e+01 0)

n. 6, MI[0,1,0,1,2,0,2,0,0]
eps^-4: (0 0)
eps^-3: (0 0)
eps^-2: (0 0)
eps^-1: (0 0)
eps^0:  (+2.0184137333384317585412878611678e-01 0)
eps^1:  (-5.9994304313820497687552000355608e-02 0)
eps^2:  (+4.5164602568926899604205795018907e-01 0)
eps^3:  (-2.2630292299495609836419055040438e-01 0)
eps^4:  (+6.9563219847655716161181381459025e-01 0)

n. 7, MI[0,1,0,2,1,0,2,0,-1]
eps^-4: (0 0)
eps^-3: (0 0)
eps^-2: (0 0)
eps^-1: (0 0)
eps^0:  (-6.5700860584198352925183516179861e-01 0)
eps^1:  (+2.0281664857659256127528409052826e+00 0)
eps^2:  (-5.6981890291292517469963516822246e+00 0)
eps^3:  (+1.3287098380283561696905443456541e+01 0)
eps^4:  (-2.9457476868792458130326378030974e+01 0)

n. 8, MI[0,1,0,2,1,0,2,0,0]
eps^-4: (0 0)
eps^-3: (0 0)
eps^-2: (0 0)
eps^-1: (0 0)
eps^0:  (+2.0184137333384317585412878611678e-01 0)
eps^1:  (-5.9994304313820497687552000355608e-02 0)
eps^2:  (+4.5164602568926899604205795018907e-01 0)
eps^3:  (-2.2630292299495609836419055040438e-01 0)
eps^4:  (+6.9563219847655716161181381459025e-01 0)

n. 9, MI[0,1,1,1,0,1,1,0,0]
eps^-4: (0 0)
eps^-3: (0 0)
eps^-2: (0 0)
eps^-1: (+6.5091972251152589398143249331609e-01 +1.7238109027260432748112355652943e+00)
eps^0:  (-6.8960922090754449428116424013979e+00 +3.6039454919339226749655500909593e+00)
eps^1:  (-1.4621795251780440992094674100423e+01 +1.3024915953747553734054662332652e+00)
eps^2:  (-6.0197979046217156105702512209648e+01 -3.9177004057135830555976540440847e+00)
eps^3:  (-1.6526990188482074971444413129771e+02 -6.4167498614342118911170227014634e+00)
eps^4:  (-7.3517004046369937892370093646924e+02 -4.5282463088001027521003383781596e+00)

n. 10, MI[0,1,1,1,1,0,1,0,0]
eps^-4: (0 0)
eps^-3: (0 0)
eps^-2: (0 0)
eps^-1: (+4.3486282309210281388110402840459e-01 0)
eps^0:  (-1.0525224240817235967793359459868e+00 0)
eps^1:  (+3.0814142746870508046284670424865e+00 0)
eps^2:  (-6.7755458418289544378324944178329e+00 0)
eps^3:  (+1.5083475722590514620327576753787e+01 0)
eps^4:  (-3.1325136742825282790046914080980e+01 0)

n. 11, MI[0,1,1,1,1,1,1,0,-1]
eps^-4: (0 0)
eps^-3: (+1.3012803226364714729425495313011e-01 0)
eps^-2: (-5.8003647267550367151571984517635e-01 +1.6352370807422778819503519346420e+00)
eps^-1: (-5.4933596392087471469358480440279e+00 -7.7401107809047549041011760509530e-01)
eps^0:  (-7.1220782044167884283316760128521e+00 -8.2985693518818451628325751051140e+00)
eps^1:  (-7.7352229168045114008189481603857e+00 -9.0274327851004801188346036446960e+00)
eps^2:  (-6.9464759507685320817967207110342e+01 +1.3672301922589178129433072093570e+00)
eps^3:  (-2.9565221530989417355289976127292e+02 +1.1590060689907094395908311419963e+01)
eps^4:  (-1.3215828564756844858024015724694e+03 +1.2551884564389322054133347157846e+01)

n. 12, MI[0,1,1,1,1,1,1,0,0]
eps^-4: (0 0)
eps^-3: (+2.6025606452729429458850990626021e-02 0)
eps^-2: (-1.1600729453510073430314396903527e-01 +3.2704741614845557639007038692840e-01)
eps^-1: (-1.3046960584224832957445909761636e+00 -9.3142814638426251097098939360538e-01)
eps^0:  (+1.4048565899571810501717299467615e+00 -3.4400436722621974598289151233629e+00)
eps^1:  (+6.3164217199091067274705475259061e+00 -2.8328096135887877816641306776034e+00)
eps^2:  (+1.3713219108209125941769961370391e+01 +1.5999748049037167615631814612805e+00)
eps^3:  (+2.6159610882318657794012427331644e+01 +5.2333936055917953147191986311012e+00)
eps^4:  (+8.3582856196978522929072849338261e+01 +5.1073905405499267083809538517531e+00)

n. 13, MI[0,2,0,1,1,0,1,0,0]
eps^-4: (0 0)
eps^-3: (0 0)
eps^-2: (0 0)
eps^-1: (+4.5516723250814035339770637568183e-01 0)
eps^0:  (-1.0435579974168534990881733195105e+00 0)
eps^1:  (+3.1239426119836546775455305894336e+00 0)
eps^2:  (-6.7613260825252521226995513480991e+00 0)
eps^3:  (+1.5138541365906472294822451303312e+01 0)
eps^4:  (-3.1310262922335131781837447830566e+01 0)

n. 14, MI[0,2,0,1,1,0,2,0,-1]
eps^-4: (0 0)
eps^-3: (0 0)
eps^-2: (0 0)
eps^-1: (+3.0624647888472269376291980561322e-01 0)
eps^0:  (-1.0748587640696821306273741064506e+00 0)
eps^1:  (+2.8706852671813585196207599989824e+00 0)
eps^2:  (-6.8151235383064913827536384144054e+00 0)
eps^3:  (+1.4872774217979097080469539332750e+01 0)
eps^4:  (-3.1403647786179146825887926778839e+01 0)

n. 15, MI[0,2,0,1,1,0,2,0,0]
eps^-4: (0 0)
eps^-3: (0 0)
eps^-2: (0 0)
eps^-1: (-1.4892075362341765963478657006861e-01 0)
eps^0:  (-1.7021047633857722357497952887283e-02 0)
eps^1:  (-2.8874174142491723315718709403219e-01 0)
eps^2:  (-2.2133049851951393034466871362577e-03 0)
eps^3:  (-3.6641828728629964284592218743557e-01 0)
eps^4:  (+2.2651597629077646425636131068240e-02 0)

n. 16, MI[0,2,0,1,2,0,1,0,-1]
eps^-4: (0 0)
eps^-3: (0 0)
eps^-2: (0 0)
eps^-1: (+2.8266522843354426548820121004247e-01 0)
eps^0:  (-9.5200623357966928521944212344761e-01 0)
eps^1:  (+2.7004746192747167875343469065540e+00 0)
eps^2:  (-6.4531717804091584709683285686029e+00 0)
eps^3:  (+1.4425882122562088822127682580374e+01 0)
eps^4:  (-3.0711380285207519342216194111273e+01 0)

n. 17, MI[0,2,0,1,2,0,1,0,0]
eps^-4: (0 0)
eps^-3: (0 0)
eps^-2: (0 0)
eps^-1: (-1.3374447481012660585341463997386e-01 0)
eps^0:  (+5.8692816197246300781527324971232e-02 0)
eps^1:  (-3.2461688301609255620081317350092e-01 0)
eps^2:  (+2.0749986142704425518071407687196e-01 0)
eps^3:  (-5.3681167022528493388265769674043e-01 0)
eps^4:  (+4.1164595576549710614565537358027e-01 0)

n. 18, MI[0,2,0,2,1,0,1,0,-1]
eps^-4: (0 0)
eps^-3: (0 0)
eps^-2: (0 0)
eps^-1: (+2.8266522843354426548820121004247e-01 0)
eps^0:  (-9.5200623357966928521944212344761e-01 0)
eps^1:  (+2.7004746192747167875343469065540e+00 0)
eps^2:  (-6.4531717804091584709683285686029e+00 0)
eps^3:  (+1.4425882122562088822127682580374e+01 0)
eps^4:  (-3.0711380285207519342216194111273e+01 0)

n. 19, MI[0,2,0,2,1,0,1,0,0]
eps^-4: (0 0)
eps^-3: (0 0)
eps^-2: (0 0)
eps^-1: (-1.3374447481012660585341463997386e-01 0)
eps^0:  (+5.8692816197246300781527324971232e-02 0)
eps^1:  (-3.2461688301609255620081317350092e-01 0)
eps^2:  (+2.0749986142704425518071407687196e-01 0)
eps^3:  (-5.3681167022528493388265769674043e-01 0)
eps^4:  (+4.1164595576549710614565537358027e-01 0)

n. 20, MI[1,0,1,0,0,1,2,0,0]
eps^-4: (0 0)
eps^-3: (0 0)
eps^-2: (0 0)
eps^-1: (0 0)
eps^0:  (-2.9247621071661550826479628906571e+00 0)
eps^1:  (-1.9581774230150604259013865565294e+00 0)
eps^2:  (-1.8357948849670970336282166053080e+01 0)
eps^3:  (-8.6656593962467269275323477158002e+00 0)
eps^4:  (-7.8400309781371794966863924511288e+01 0)

n. 21, MI[1,0,1,0,1,1,1,0,0]
eps^-4: (0 0)
eps^-3: (0 0)
eps^-2: (0 0)
eps^-1: (0 0)
eps^0:  (-4.3646480242514710455829418767255e+00 0)
eps^1:  (-7.8215298311145808440868074349790e+00 0)
eps^2:  (-4.0393269471938081027552875261670e+01 0)
eps^3:  (-7.2498847921121693179019356689626e+01 0)
eps^4:  (-2.5179350493484346121127003259969e+02 0)

n. 22, MI[1,1,1,1,1,0,1,0,0]
eps^-4: (0 0)
eps^-3: (0 0)
eps^-2: (+3.6413378600651228271816510054546e-01 0)
eps^-1: (-4.6832721264166578178113796306004e-01 0)
eps^0:  (+3.2191539480508155307071008871235e-01 0)
eps^1:  (-1.1673603888872357168147024369389e+00 0)
eps^2:  (+3.8417987633546754792647668350229e-01 0)
eps^3:  (-1.5921235474961219840080434817338e+00 0)
eps^4:  (+6.4754745889913679433674229407281e-01 0)

n. 23, MI[1,1,1,1,1,1,0,0,0]
eps^-4: (0 0)
eps^-3: (-3.3312776259493669707329268001307e-01 0)
eps^-2: (+5.1876076580181132821168368682034e-01 0)
eps^-1: (-4.0502664817672775099638431311823e-01 0)
eps^0:  (+1.2792100375056885599478469263239e+00 0)
eps^1:  (-6.6416610632163909078143752284955e-01 0)
eps^2:  (+1.8507541153480452294910208550567e+00 0)
eps^3:  (-1.1343921593476976357249770100617e+00 0)
eps^4:  (+2.3316854942469495635717199295824e+00 0)

n. 24, MI[1,1,1,1,1,1,1,-1,-1]
eps^-4: (0 0)
eps^-3: (-1.6656388129746834853664634000653e+00 0)
eps^-2: (+2.8303501233040880047998838687612e+00 -2.0931034633501156888964504763417e+00)
eps^-1: (+8.2428170691775233962611421923113e+00 +1.1571087464215541346060087271051e+01)
eps^0:  (-1.9521811988310605296884818587491e+01 +4.4864569675191577407281969211083e+01)
eps^1:  (-1.3058873105147595687835061464046e+02 +5.8338770164045266642297086993232e+01)
eps^2:  (-4.3090024991975335920383894204699e+02 +2.5239921447481901867337444393295e+01)
eps^3:  (-1.4174694121916405584052385767457e+03 -2.9140504900636453323155185743948e+01)
eps^4:  (-5.4584370375693847827884102291710e+03 -6.6908760918276414126552351315279e+01)

n. 25, MI[1,1,1,1,1,1,1,0,-1]
eps^-4: (0 0)
eps^-3: (-6.2461455486550630701242377502450e-01 0)
eps^-2: (+1.6356458871068278756251227194725e+00 -3.1396551950251735333446757145126e+00)
eps^-1: (+8.2091265396288457705269247208664e+00 +1.6717740305952140967557069988057e+00)
eps^0:  (-3.8768663603354529884155746794686e+00 +2.1705790331215025388575124691149e+01)
eps^1:  (-7.8478337406124395842080860269634e+01 +3.5670376258310012360317368472032e+01)
eps^2:  (-2.9327183527435508138381011400747e+02 +2.3342066701215663925856454413862e+01)
eps^3:  (-1.0173441720823159743177001265313e+03 -5.2855698866062323476282866581759e+00)
eps^4:  (-3.7453364645252759478046987588515e+03 -2.8355738068253957017699474370584e+01)

n. 26, MI[1,1,1,1,1,1,1,0,0]
eps^-4: (0 0)
eps^-3: (-1.2492291097310126140248475500490e-01 0)
eps^-2: (+3.7443843628037184787331763082639e-01 -1.0465517316750578444482252381709e+00)
eps^-1: (+2.9835824228487343401555798942209e+00 +1.1330763438263497094875273456385e+00)
eps^0:  (-2.0087482664628480234121446779497e+00 +9.0976942886514592305579319783824e+00)
eps^1:  (-2.7656106980955650746047860581786e+01 +1.4526730199273216740703015153577e+01)
eps^2:  (-1.0054384019257923356892099435059e+02 +9.6142788909476370327753501510460e+00)
eps^3:  (-3.4240284262637680842768235263843e+02 -1.8914228782311940213436842667074e+00)
eps^4:  (-1.2731247522860345900809845316863e+03 -1.1613645186782960976401943959237e+01)

n. 27, MI[0,1,0,1,1,1,2,0,0]
eps^-4: (0 0)
eps^-3: (0 0)
eps^-2: (0 0)
eps^-1: (+1.1545328470446159097827957412397e-01 -2.6163793291876446111205630954272e-01)
eps^0:  (+1.2993605547208150681964389628095e+00 +1.1554587840271501800536669536978e+00)
eps^1:  (-1.7095775074442872466728376163940e+00 +3.6114633091429831302570601931671e+00)
eps^2:  (-5.8712443970165269594040163644949e+00 +2.6134851543589895135535794905438e+00)
eps^3:  (-1.0020822336272289269721352244360e+01 -2.0724643179042316647276345457784e+00)
eps^4:  (-9.0150556723108525622415951237880e+00 -5.4444437146239983621916657565394e+00)

n. 28, MI[1,1,1,0,0,1,2,0,0]
eps^-4: (0 0)
eps^-3: (0 0)
eps^-2: (-2.2180709777918249901351427886662e-01 +5.0265482457436691815402294132472e-01)
eps^-1: (-1.2514859547151841391202658149392e+00 -2.8950914895382618598730179460905e+00)
eps^0:  (+7.8781779480092691511690081638893e+00 -4.2251642205716726836176655539601e+00)
eps^1:  (+1.7031069109315393845264908172182e+01 +5.1160682040395631941580051762721e+00)
eps^2:  (+3.6717338729563102626638774945037e+01 +1.5665998068844314680469148276229e+01)
eps^3:  (+1.3083088786674117610424831743026e+02 +1.4317508477075676331942208838306e+01)
eps^4:  (+5.7806589682143947546808530757995e+02 +3.9037704587264867572845506207226e+00)

n. 29, MI[1,1,1,0,0,1,2,-1,0]
eps^-4: (0 0)
eps^-3: (0 0)
eps^-2: (-8.8722839111672999605405711546647e-01 +2.0106192982974676726160917652989e+00)
eps^-1: (-4.7838876677912898504472319508359e+00 -3.4904486427740671483090995411233e+00)
eps^0:  (+5.3095887346495910882196157075167e+00 -9.3347801801736071023376555982787e+00)
eps^1:  (+1.9333161582233960170979323466262e+01 +2.0752817505204613327911257243875e+00)
eps^2:  (+4.5702763502127075015476698974687e+00 +1.9625616031348494402977667049178e+01)
eps^3:  (+5.0991543875820089119354176831816e+00 +2.0792858784562050238831229201479e+01)
eps^4:  (-4.8020910796116918103438527025926e+01 +6.7206461170424795671812197233879e+00)

n. 30, MI[0,0,0,0,2,0,2,0,0]
eps^-4: (0 0)
eps^-3: (0 0)
eps^-2: (+1.0000000000000000000000000000000e+00 0)
eps^-1: (-1.1544313298030657212130241801648e+00 0)
eps^0:  (+2.3112899144636637851091674393565e+00 0)
eps^1:  (-2.9567553800979386922418768113639e+00 0)
eps^2:  (+3.9893102121315218528447893593801e+00 0)
eps^3:  (-4.8924230402605264307132041777190e+00 0)
eps^4:  (+5.8854304761519303518453150012476e+00 0)

n. 31, MI[0,0,0,1,1,1,2,0,0]
eps^-4: (0 0)
eps^-3: (0 0)
eps^-2: (+4.1640970324367087134161585001634e-01 0)
eps^-1: (-5.5553181726877523260326307273701e-01 0)
eps^0:  (+1.0569193208387042286698711751280e+00 0)
eps^1:  (-1.4141286383962199751947489134394e+00 0)
eps^2:  (+1.9018983354987681574690873709782e+00 0)
eps^3:  (-2.3611815706571154796472852684691e+00 0)
eps^4:  (+2.8510665946607396820947627179358e+00 0)

n. 32, MI[1,1,1,0,0,0,2,0,0]
eps^-4: (0 0)
eps^-3: (-8.0000000000000000000000000000000e-01 0)
eps^-2: (+1.1020599048938203815834554163797e+00 0)
eps^-1: (-7.5908502123411026540070460178838e-01 0)
eps^0:  (+2.9129535460352958021638884236109e+00 0)
eps^1:  (-1.0551045805592434730379314927757e+00 0)
eps^2:  (+4.1970245475159418741651483798220e+00 0)
eps^3:  (-1.9451399683921946024155482768594e+00 0)
eps^4:  (+5.1664518399020306599662643336867e+00 0)

n. 33, MI[0,1,0,0,0,2,2,0,0]
eps^-4: (0 0)
eps^-3: (0 0)
eps^-2: (0 0)
eps^-1: (-2.7725887222397812376689284858327e-01 +6.2831853071795864769252867665590e-01)
eps^0:  (-2.5022967773520696952453211040929e+00 -3.1982486770200322722484845192838e+00)
eps^1:  (+9.9273954988501169358281672632002e+00 -2.0731359619935330636637778299214e+00)
eps^2:  (-1.7870952874071081462820340000309e+00 +8.9870768868380061012984545362489e+00)
eps^3:  (+7.6814230787958130895461245563505e+00 +1.1600984036851789796144840511582e+01)
eps^4:  (-4.7996935216139050089058937992218e+01 -1.7545687160961606297488941242804e+00)

n. 34, MI[0,2,0,0,0,2,1,0,0]
eps^-4: (0 0)
eps^-3: (0 0)
eps^-2: (+2.5000000000000000000000000000000e-01 0)
eps^-1: (-1.1203844491227008016039345907910e+00 +1.8849555921538759430775860299677e+00)
eps^0:  (-5.2147412393828646073506840017556e+00 -7.0666468700041654757507747318392e+00)
eps^1:  (+1.7841551418439492484912474432451e+01 -6.2315029781490346544875373863180e+00)
eps^2:  (+5.8140779646206643149141979311231e+00 +1.8233321832130665202929812518283e+01)
eps^3:  (+1.5059874270276110781517985999063e+00 +2.6175449170437763018223628595558e+01)
eps^4:  (-6.7598948263006312973570648413306e+01 -1.8458480279055592424155639995088e+00)

n. 35, MI[0,0,1,0,0,2,2,0,0]
eps^-4: (0 0)
eps^-3: (0 0)
eps^-2: (-2.5000000000000000000000000000000e-01 0)
eps^-1: (+2.8860783245076643030325604504120e-01 0)
eps^0:  (-2.2227565454641423827497070264852e+00 0)
eps^1:  (+2.3403846093525915135212108428148e-01 0)
eps^2:  (-1.9341034512648124566824418386004e+01 0)
eps^3:  (-3.2626178969664612505817148121305e+01 0)
eps^4:  (-2.2412570076277660818122035166035e+02 0)

n. 36, MI[1,0,1,1,1,1,1,0,0]
eps^-4: (0 0)
eps^-3: (0 0)
eps^-2: (0 0)
eps^-1: (-1.2853602396407105375201022239084e+00 0)
eps^0:  (-5.9800283782029550560864071152232e+00 0)
eps^1:  (-3.0081067196853510363304772055293e+01 0)
eps^2:  (-1.2823653054840657897953692322390e+02 0)
eps^3:  (-5.3525689520530616900145369038852e+02 0)
eps^4:  (-2.1739861488940250881723441684078e+03 0)

n. 37, MI[1,0,1,0,0,1,3,0,0]
eps^-4: (0 0)
eps^-3: (0 0)
eps^-2: (0 0)
eps^-1: (0 0)
eps^0:  (+1.5433841114030849504956321703706e+00 0)
eps^1:  (+6.1360869710445221132767906669633e+00 0)
eps^2:  (+2.4655903435527800116129804428219e+01 0)
eps^3:  (+8.8545246745309721652646599717069e+01 0)
eps^4:  (+3.3358018167638282846038954493506e+02 0)

n. 38, MI[0,1,0,0,1,1,2,0,0]
eps^-4: (0 0)
eps^-3: (0 0)
eps^-2: (0 0)
eps^-1: (0 0)
eps^0:  (-1.8016435999029980939778601812311e+00 -2.0344093180981293227540405446086e+00)
eps^1:  (+6.2463923775917703580091905186732e+00 -4.3445819196213330270794088623348e+00)
eps^2:  (+2.4885097923233115893518377428509e+00 -1.8806133462275886962507971364521e+00)
eps^3:  (+2.7518141280190068257267551303764e+01 +4.0118280316987182677436420935311e+00)
eps^4:  (-1.7501130962934998599442872968074e+01 +6.8854883922811536148663399992737e+00)

n. 39, MI[1,0,1,0,0,2,1,0,0]
eps^-4: (0 0)
eps^-3: (0 0)
eps^-2: (0 0)
eps^-1: (+3.0867682228061699009912643407412e+00 0)
eps^0:  (+9.3474118349228891439056184432694e+00 0)
eps^1:  (+4.7353629448040539806358222299909e+01 0)
eps^2:  (+1.5873254464094847296901103338106e+02 0)
eps^3:  (+6.5849470395651892999324674215432e+02 0)
eps^4:  (+2.4810248103937186991083531959483e+03 0)

n. 40, MI[1,0,1,0,0,2,2,-1,0]
eps^-4: (0 0)
eps^-3: (0 0)
eps^-2: (0 0)
eps^-1: (+3.0867682228061699009912643407412e+00 0)
eps^0:  (+1.2596186173369073863240184234095e+01 0)
eps^1:  (+6.4090275694871257668268072629919e+01 0)
eps^2:  (+2.3508185468735858224544531192780e+02 0)
eps^3:  (+9.6729413384216914900373646120063e+02 0)
eps^4:  (+3.7196139085253847641279827557456e+03 0)

n. 41, MI[1,0,2,0,0,1,2,-1,0]
eps^-4: (0 0)
eps^-3: (0 0)
eps^-2: (0 0)
eps^-1: (0 0)
eps^0:  (-3.0867682228061699009912643407412e+00 0)
eps^1:  (-6.4226497277567340612576555526123e+00 0)
eps^2:  (-4.5395452025025479380456835743380e+01 0)
eps^3:  (-1.4037459579127750263272886732798e+02 0)
eps^4:  (-6.4982904456027220306571439443852e+02 0)

n. 42, MI[1,0,2,0,0,2,1,-1,0]
eps^-4: (0 0)
eps^-3: (0 0)
eps^-2: (-4.0000000000000000000000000000000e-01 0)
eps^-1: (+6.4028737297259409309824574431379e-01 0)
eps^0:  (+1.4551372675410830367504421565426e-01 0)
eps^1:  (+1.2393854638890436001204066818373e+01 0)
eps^2:  (+2.4353761202161275722865265134413e+01 0)
eps^3:  (+1.2452810642283576707187390558710e+02 0)
eps^4:  (+3.4399473614497233747684982383931e+02 0)

n. 43, MI[2,0,1,0,0,1,2,-1,0]
eps^-4: (0 0)
eps^-3: (0 0)
eps^-2: (0 0)
eps^-1: (0 0)
eps^0:  (-3.0867682228061699009912643407412e+00 0)
eps^1:  (-6.4226497277567340612576555526123e+00 0)
eps^2:  (-4.5395452025025479380456835743380e+01 0)
eps^3:  (-1.4037459579127750263272886732798e+02 0)
eps^4:  (-6.4982904456027220306571439443852e+02 0)

n. 44, MI[2,0,1,0,0,2,1,-1,0]
eps^-4: (0 0)
eps^-3: (0 0)
eps^-2: (-4.0000000000000000000000000000000e-01 0)
eps^-1: (+6.4028737297259409309824574431379e-01 0)
eps^0:  (+1.4551372675410830367504421565426e-01 0)
eps^1:  (+1.2393854638890436001204066818373e+01 0)
eps^2:  (+2.4353761202161275722865265134413e+01 0)
eps^3:  (+1.2452810642283576707187390558710e+02 0)
eps^4:  (+3.4399473614497233747684982383931e+02 0)

n. 45, MI[0,1,1,0,1,1,1,0,0]
eps^-4: (0 0)
eps^-3: (0 0)
eps^-2: (0 0)
eps^-1: (+6.6219530277848402287272871067852e-01 +1.8613463639250380046512906520861e+00)
eps^0:  (-7.3539609152776349325481523080964e+00 +4.0163913436279319504814420548860e+00)
eps^1:  (-1.6544733408394113195999493001384e+01 +1.7859445093811955090376333418037e+00)
eps^2:  (-6.6543487992502649510490444802167e+01 -3.7630397449262152814610139052249e+00)
eps^3:  (-1.8709148767651619695909844348824e+02 -6.7129374595166789821234057975260e+00)
eps^4:  (-8.1781321343732777028368742789714e+02 -5.0306738646370668938529335006875e+00)

n. 46, MI[1,1,1,0,1,1,1,-1,0]
eps^-4: (0 0)
eps^-3: (0 0)
eps^-2: (+1.1102807553472335301691565446050e-01 +4.0449586576894901455914861216193e+00)
eps^-1: (-9.6475336200064564098997175294294e+00 +4.0388005642616743763391411993944e+00)
eps^0:  (-1.4369887216940764532117434226770e+01 -9.0285594491890051445413431430152e+00)
eps^1:  (+5.1680604896125187207476749441549e-01 -2.2323072103461278967166585331794e+01)
eps^2:  (+1.2673045399825985077490530482142e+01 -1.9688540636839284654701908476297e+01)
eps^3:  (+4.5311899336752715498416453234385e+01 -5.0218893934917950678665247913684e+00)
eps^4:  (+6.0124624536993340097938734642940e+00 +8.0331299883525724664325776312758e+00)

n. 47, MI[1,1,1,0,1,1,1,0,0]
eps^-4: (0 0)
eps^-3: (0 0)
eps^-2: (+2.7757018883680838254228913615125e-02 +1.0112396644223725363978715304048e+00)
eps^-1: (-3.4623754252336220359582583455530e+00 -1.8584256722554464294852356740557e+00)
eps^0:  (+2.9791192889316283047565660799278e+00 -1.0838238034238516285364396378697e+01)
eps^1:  (+2.6137259607781281949736161115806e+01 -1.6227817886368977656951180680691e+01)
eps^2:  (+9.2172711202230388127123141284603e+01 -1.0116542605300236850317491095932e+01)
eps^3:  (+3.0224461375007104387261820153599e+02 +2.5750107531312887171945303070439e+00)
eps^4:  (+1.1449516918570157240965675713787e+03 +1.2981141010723105396111012156994e+01)

