n. 0, MI[0,0,2,2,0,0,1,0,0]
eps^-4: (0 0)
eps^-3: (0 0)
eps^-2: (+2.000000000000000000000000000000000000000e-01 0)
eps^-1: (-8.746614309342532940829085693234360282271e-01 +1.256637061435917295385057353311801153679e+00)
eps^0:  (-2.364247026895499871722369650499297937183e+00 -5.495659851602772945281993746636173759497e+00)
eps^1:  (+1.335139475338739556264909197807189257620e+01 +1.681678714227078681019743735463544523693e+00)
eps^2:  (-1.023855659527070042027988947701986999002e+01 +1.156930246714654310605699272216674484119e+01)

n. 1, MI[1,0,1,0,0,1,2,0,0]
eps^-4: (0 0)
eps^-3: (0 0)
eps^-2: (0 0)
eps^-1: (-6.291588784715776324979560033210142958494e-01 +1.352169566971878109191806356154670917024e+00)
eps^0:  (-5.541484290004691846596374861270454289132e+00 -1.163606235567084441869024366403108767440e+00)
eps^1:  (-6.659473227620044924124560949475463163660e+00 +1.178580631089756493405304915603379351568e+00)
eps^2:  (-5.027670757214235943684223535219564864980e+01 -1.186522177431924359091751925843033189024e+00)

n. 2, MI[1,0,1,0,0,2,1,0,0]
eps^-4: (0 0)
eps^-3: (0 0)
eps^-2: (0 0)
eps^-1: (0 0)
eps^0:  (-2.471892543527991418341488246425279389603e-01 -1.976560910547101812015989072546313878326e+00)
eps^1:  (+5.930364918851747560811404915177585101421e+00 +6.929323321260368682414980886209168374716e-01)
eps^2:  (-4.212795138060564813895344928404552841158e+00 -1.484382059047373533537099446988251630253e+00)

n. 3, MI[1,0,1,0,0,2,2,-1,0]
eps^-4: (0 0)
eps^-3: (0 0)
eps^-2: (0 0)
eps^-1: (-6.291588784715776324979560033210142958494e-01 +1.352169566971878109191806356154670917024e+00)
eps^0:  (-7.046991301300646253426435692555010819791e+00 -4.358280121704300355014007266400808117181e-01)
eps^1:  (-1.181207688877768105650590575683878664050e+01 -4.556995079183755220912457285819213458403e-01)
eps^2:  (-6.780844916544301409898670217955112781828e+01 -3.137429742997849058182415416245261161413e-01)

n. 4, MI[1,0,2,0,0,1,2,-1,0]
eps^-4: (0 0)
eps^-3: (0 0)
eps^-2: (+1.000000000000000000000000000000000000000e-01 0)
eps^-1: (-4.373307154671266470414542846617180141136e-01 +6.283185307179586476925286766559005768394e-01)
eps^0:  (-1.182123513447749935861184825249648968591e+00 -2.747829925801386472640996873318086879749e+00)
eps^1:  (+4.493494585028076516180309381042233842882e+00 +2.255899050258480541346872356691457081503e+00)
eps^2:  (-1.249730067357927632523899466561834801257e+01 -2.405010847229287576962636450887646964679e+00)

n. 5, MI[1,0,2,0,0,2,1,-1,0]
eps^-4: (0 0)
eps^-3: (0 0)
eps^-2: (0 0)
eps^-1: (0 0)
eps^0:  (+6.291588784715776324979560033210142958494e-01 -1.352169566971878109191806356154670917024e+00)
eps^1:  (+5.788673544357490988430523685912982228092e+00 +3.140167146114186253885013438949422645765e+00)
eps^2:  (+7.291083087682973633131560342978780622392e-01 -1.871512963215793361646803004224296189039e+00)

n. 6, MI[2,0,1,0,0,1,2,-1,0]
eps^-4: (0 0)
eps^-3: (0 0)
eps^-2: (+1.000000000000000000000000000000000000000e-01 0)
eps^-1: (-4.373307154671266470414542846617180141136e-01 +6.283185307179586476925286766559005768394e-01)
eps^0:  (-1.182123513447749935861184825249648968591e+00 -2.747829925801386472640996873318086879749e+00)
eps^1:  (+4.493494585028076516180309381042233842882e+00 +2.255899050258480541346872356691457081503e+00)
eps^2:  (-1.249730067357927632523899466561834801257e+01 -2.405010847229287576962636450887646964679e+00)

n. 7, MI[2,0,1,0,0,2,1,-1,0]
eps^-4: (0 0)
eps^-3: (0 0)
eps^-2: (0 0)
eps^-1: (0 0)
eps^0:  (+6.291588784715776324979560033210142958494e-01 -1.352169566971878109191806356154670917024e+00)
eps^1:  (+5.788673544357490988430523685912982228092e+00 +3.140167146114186253885013438949422645765e+00)
eps^2:  (+7.291083087682973633131560342978780622392e-01 -1.871512963215793361646803004224296189039e+00)

n. 8, MI[1,1,1,0,0,2,0,0,0]
eps^-4: (0 0)
eps^-3: (+2.000000000000000000000000000000000000000e-01 0)
eps^-2: (-5.527738484474332191627567026781985003220e-01 +6.283185307179586476925286766559005768394e-01)
eps^-1: (-2.230631212904711899848360818256479803454e-01 -1.736590261379013936243125342913251443696e+00)
eps^0:  (+1.382961820800229949090191101864923048607e+00 +1.366311648887034721646400369595084478441e+00)
eps^1:  (-1.349142768990950032581849216147150338569e+00 -1.368450265777245340742309989325319682584e+00)
eps^2:  (+2.143213227940641647117943373957240418207e+00 +1.616615630600536228816797701260152091173e+00)

n. 9, MI[0,1,0,0,0,2,2,0,0]
eps^-4: (0 0)
eps^-3: (0 0)
eps^-2: (0 0)
eps^-1: (+5.780576638162742429871310485993006649547e-01 0)
eps^0:  (-1.096340028472762662927597205921388527758e+00 0)
eps^1:  (+3.278208431166031790088828073872926408015e+00 0)
eps^2:  (-7.043621121507518074017367575906341284795e+00 0)

n. 10, MI[0,2,0,0,0,1,2,0,0]
eps^-4: (0 0)
eps^-3: (0 0)
eps^-2: (-3.636363636363636363636363636363636363636e-01 0)
eps^-1: (+7.350973911009007584340802738413657670969e-01 0)
eps^0:  (-1.692314545851287480077811724143136406193e+00 0)
eps^1:  (+4.084682148635061176506153746023415250220e+00 0)
eps^2:  (-7.645261979776938605858060121561450076491e+00 0)

n. 11, MI[0,2,0,0,0,2,1,0,0]
eps^-4: (0 0)
eps^-3: (0 0)
eps^-2: (0 0)
eps^-1: (+5.780576638162742429871310485993006649547e-01 0)
eps^0:  (-1.096340028472762662927597205921388527758e+00 0)
eps^1:  (+3.278208431166031790088828073872926408015e+00 0)
eps^2:  (-7.043621121507518074017367575906341284795e+00 0)

n. 12, MI[0,0,1,0,0,2,2,0,0]
eps^-4: (0 0)
eps^-3: (0 0)
eps^-2: (-2.500000000000000000000000000000000000000e-01 0)
eps^-1: (+2.886078324507664303032560450412012155211e-01 0)
eps^0:  (-2.222756545464142382749707026485153599853e+00 0)
eps^1:  (+2.340384609352591513521210842814826534048e-01 0)
eps^2:  (-1.934103451264812456682441838600383485535e+01 0)

n. 13, MI[0,1,1,1,0,1,1,0,0]
eps^-4: (0 0)
eps^-3: (0 0)
eps^-2: (0 0)
eps^-1: (+1.036304625599610568848542361058999017738e-01 +2.162369448288323814683393861777538962956e+00)
eps^0:  (-7.939746561437953212770684547639878121869e+00 +1.633934110486771622379724281371687757236e+00)
eps^1:  (-7.532979210983801602622409997570471326203e+00 -2.817499826286818159393847698230689181219e+00)
eps^2:  (-2.925926970892207973807371451772071409363e+01 -4.588581033706908821228936437856104792464e+00)

n. 14, MI[0,1,1,1,1,1,1,0,-1]
eps^-4: (0 0)
eps^-3: (0 0)
eps^-2: (0 0)
eps^-1: (-1.194693691125793840557853717701923377160e+00 +8.945831265529866664462865998466625759347e-01)
eps^0:  (-4.663733431756930367603080696937710923758e+00 -3.681639215165383576127609379312520524433e+00)
eps^1:  (-5.430846131980410160372952374633929861930e+00 +1.903506019877678603451002732577943151324e+00)
eps^2:  (-6.771990945563842847099403843709190575843e+01 +2.149375508644692848432338104638347980854e+00)

n. 15, MI[1,0,1,0,1,1,1,0,0]
eps^-4: (0 0)
eps^-3: (0 0)
eps^-2: (0 0)
eps^-1: (0 0)
eps^0:  (+2.006654770165863382464968883566683323364e+00 -3.297802118201258365185214402882926193839e+00)
eps^1:  (+1.710269379611120747179923418090736344117e+01 +2.792980521827839556671044404097636793070e+00)
eps^2:  (+2.948273924372447328126937063588672610818e+01 +2.702641920129442696197248547161043643999e+00)

n. 16, MI[1,0,1,1,1,0,1,0,0]
eps^-4: (0 0)
eps^-3: (0 0)
eps^-2: (0 0)
eps^-1: (0 0)
eps^0:  (+1.442468283791513142479685793813739988918e+00 0)
eps^1:  (-1.475238477628732234348905091985093871427e+00 +9.063295526791389425288341903806102771603e+00)
eps^2:  (-1.981203806375940411363121480175249181191e+01 -9.269196727222831456720288684681071112445e+00)

n. 17, MI[1,0,1,1,1,1,1,0,0]
eps^-4: (0 0)
eps^-3: (0 0)
eps^-2: (0 0)
eps^-1: (0 0)
eps^0:  (+1.739397078986969922269176061689533137610e-01 -1.376286524675912122288712912946856565904e+00)
eps^1:  (+7.611651877283929977501253399720502393168e+00 -2.800495724864886211613728716029275955990e+00)
eps^2:  (+2.031222407756580714399706754654028220776e+01 +4.818732206437506975195231446779074216412e+00)

n. 18, MI[1,1,1,1,1,1,0,0,0]
eps^-4: (0 0)
eps^-3: (0 0)
eps^-2: (+1.258317756943155264995912006642028591699e-01 -2.704339133943756218383612712309341834047e-01)
eps^-1: (+1.207172559742058026052934502111102033411e+00 +1.023345611332257613180200502299147304818e+00)
eps^0:  (-3.274297338317029106230694830287008082112e+00 +2.068186958097231869955884151943612261401e+00)
eps^1:  (-1.171121108396821175731242575567382869813e+00 -5.321015091952959394385791836982532817767e+00)
eps^2:  (+4.148456669104920292795237536764326797039e+00 +8.900230094743051457367632594364694020204e-01)

n. 19, MI[1,1,1,1,1,1,1,-1,-1]
eps^-4: (0 0)
eps^-3: (0 0)
eps^-2: (-3.460373831593676978738758018265578627171e-01 +7.436932618345329600554934958850690043630e-01)
eps^-1: (-5.028027236851303051286746763379197330683e+00 -3.169829653325722292631881267943278442847e+00)
eps^0:  (+8.233570314296216383670620040817147477353e+00 -1.136604333421448980634243608813644531928e+01)
eps^1:  (+1.073938092990792826708164454802868396060e+01 +1.726229687497084620039313620544079193102e+01)
eps^2:  (-4.666363346110302648954854502588568532650e+01 +1.697921622028273279148668418266882374612e+01)

n. 20, MI[1,1,1,1,1,1,1,0,-1]
eps^-4: (0 0)
eps^-3: (0 0)
eps^-2: (+1.258317756943155264995912006642028591699e-01 -2.704339133943756218383612712309341834047e-01)
eps^-1: (+3.922911628365804976801102858779388616341e+01 -1.010899852328881322795087108718256895154e+01)
eps^0:  (-1.510051835199809229806748750816417232146e+02 +1.959012865017112792547511732439822296030e+02)
eps^1:  (+4.276011886642648318529918582162571203467e+02 -8.696110006132592729185296948480743101090e+02)
eps^2:  (-1.501635026280557335388164051700076964072e+03 +3.591657486217850188523050254201119721298e+03)

n. 21, MI[1,1,1,0,1,1,1,-1,0]
eps^-4: (+3.333333333333333333333333333333333333333e-02 0)
eps^-3: (-1.733611658838995140707647173453303172256e-01 0)
eps^-2: (+3.561245052563745072105255624653754006568e-01 0)
eps^-1: (-1.927082672343351659362372409281498536883e+00 +1.760076037871023033718814506804988757952e+00)
eps^0:  (-4.636968162129663686712523285329498812740e+00 -4.742485633078801156622056625955693762659e+00)
eps^1:  (-3.314313438791016995313397932045170678866e-01 +1.420036840681314354105715270283788605269e+00)
eps^2:  (-3.975172425010769473604686947096733619378e+01 +7.755797179787670506974536255757017355625e-01)

n. 22, MI[1,1,1,1,1,1,1,0,0]
eps^-4: (-9.696969696969696969696969696969696969697e-03 0)
eps^-3: (+4.742314708678633517801010441412253091787e-02 -2.284794657156213264336467915112365733962e-02)
eps^-2: (-5.303078411478772418456616758991550179484e-01 -1.010865573449277734175967932740294185802e+00)
eps^-1: (+1.150905963821073450209718468929646826238e+01 +1.370840222307877140747478670842200022964e-01)
eps^0:  (-3.727155542785052469668085292404841717008e+01 +3.448261466450533192838909319553087611576e+01)
eps^1:  (+9.396903207817455073347898169972929598390e+01 -1.516633154052699701611889457500437701947e+02)
eps^2:  (-2.970015616253614855966219966848935716988e+02 +6.094489348236245944479649828588618263279e+02)

n. 23, MI[1,1,1,0,1,1,1,0,0]
eps^-4: (-1.515151515151515151515151515151515151515e-02 0)
eps^-3: (+7.880052994722705185034759879333196237526e-02 0)
eps^-2: (-2.153445135117581665063865436063440191533e-01 0)
eps^-1: (+7.612555310168188488612574449810529999630e-01 -2.075537604772527038701628664826699375732e-01)
eps^0:  (-8.272543081073093037509180452868715633162e-01 +2.197886892844177758389847106781009011534e+00)
eps^1:  (-3.421493213436022753663664588549657587095e+00 -1.175105934204279828567202012409668352709e+00)
eps^2:  (-2.808719620697624156862985139271052686018e+00 -1.346332926259985587218819103798715363538e+00)

n. 24, MI[0,1,1,1,1,1,1,0,0]
eps^-4: (-3.030303030303030303030303030303030303030e-03 0)
eps^-3: (+1.576010598944541037006951975866639247505e-02 0)
eps^-2: (-1.456604776675574888470105269515175167042e-01 0)
eps^-1: (+3.847616061697445001683607764478331883975e-01 0)
eps^0:  (-1.263863688231971932542648975435526581976e+00 +1.908686126839241456499372262331228008725e+00)
eps^1:  (-4.516731194230877433656477082871497656393e+00 -1.031988351966920893499945841488577702312e+00)
eps^2:  (-5.514382234916736876457508413116190281789e+00 -1.618876997949124820310052548357207052074e+00)

n. 25, MI[0,1,1,0,1,1,1,0,0]
eps^-4: (-1.515151515151515151515151515151515151515e-02 0)
eps^-3: (+7.880052994722705185034759879333196237526e-02 0)
eps^-2: (-4.292234670926553648764316953674011854812e-01 0)
eps^-1: (+1.988605155362210794898467901057313946182e-01 0)
eps^0:  (-3.946661886031507775906778268523052358962e+00 0)
eps^1:  (-5.035954585037047549501782155417488430654e+00 0)
eps^2:  (-4.287381918613675785344539245087332775770e+01 0)

n. 26, MI[1,1,1,1,1,1,1,-1,0]
eps^-4: (+2.333333333333333333333333333333333333333e-02 0)
eps^-3: (-1.130775379002724703324513154043039283016e-01 +6.283185307179586476925286766559005768394e-02)
eps^-2: (+6.948534596273223306901625826322713935190e-01 +1.226551113945170822138363153251522303119e+00)
eps^-1: (-3.436829458832461294217864559932229209260e+01 +6.180588672698482301645575495186787132327e+00)
eps^0:  (+1.216804120711758055442242978808638378480e+02 -1.428020511200997268968899117378888509614e+02)
eps^1:  (-3.498783444573309548530431427619782823662e+02 +6.374323698506553612084657547888441111002e+02)
eps^2:  (+1.147077995592300594187288195415293498039e+03 -2.636578165624900934576535897774091445226e+03)

n. 27, MI[1,1,1,1,1,0,1,0,0]
eps^-4: (+1.000000000000000000000000000000000000000e-02 0)
eps^-3: (-4.373307154671266470414542846617180141136e-02 +6.283185307179586476925286766559005768394e-02)
eps^-2: (-1.951630733388140739777357252620338550600e-02 -2.747829925801386472640996873318086879749e-01)
eps^-1: (+5.965586932066569442351007428595384138276e-01 +7.042094693173503375605134881152051302292e-01)
eps^0:  (-2.573862552093982613865831404231788452978e+00 +1.322895721417335447008208506720496135317e-01)
eps^1:  (+1.723544078067522644901497004042912726054e+00 -4.728890219103566381225863433971055831981e+00)
eps^2:  (+5.239861841558889189756589046439669538874e+00 +3.053279271686853961475397632782726871616e+00)

n. 28, MI[0,1,1,1,1,0,1,0,0]
eps^-4: (0 0)
eps^-3: (0 0)
eps^-2: (+1.644934066848226436472415166646025189219e-01 0)
eps^-1: (-5.991745020350257706554850246780070212763e-01 +1.033542556009994005849210502236713173408e+00)
eps^0:  (-1.983166188813493148316969324097133639374e+00 -3.764724427623119159432828610329180304748e+00)
eps^1:  (+8.136642128022991965025449548516512138443e+00 +1.140274220097564625376230390951977742989e+00)
eps^2:  (-7.547756675329085135880085916943810906353e+00 +1.582242562228835766026429715323192267549e+00)

